100 24 0.000047
100 124 0.000058
100 224 0.000041
100 324 0.000052
100 424 0.000052
100 524 0.000059
100 624 0.000066
100 724 0.000085
100 824 0.000085
100 924 0.000103
100 1024 0.000107
200 24 0.000054
200 124 0.000056
200 224 0.000052
200 324 0.000157
200 424 0.000083
200 524 0.000105
200 624 0.000119
200 724 0.000144
200 824 0.000160
200 924 0.000274
200 1024 0.000188
300 24 0.000042
300 124 0.000144
300 224 0.000068
300 324 0.000094
300 424 0.000123
300 524 0.000384
300 624 0.000176
300 724 0.000238
300 824 0.000226
300 924 0.000318
300 1024 0.000298
400 24 0.000116
400 124 0.000125
400 224 0.000169
400 324 0.000320
400 424 0.000156
400 524 0.000197
400 624 0.000246
400 724 0.000611
400 824 0.000267
500 24 0.000042
500 124 0.000064
500 224 0.000273
500 324 0.000149
500 424 0.000208
500 524 0.000296
500 624 0.000730
600 24 0.000045
600 124 0.000186
600 224 0.000120
600 324 0.000493
600 424 0.000236
600 524 0.000240
700 24 0.000048
700 124 0.000090
700 224 0.000426
700 324 0.000493
700 424 0.000236
800 24 0.000115
800 124 0.000096
800 224 0.000189
800 324 0.000240
800 424 0.000235
900 24 0.000117
900 124 0.000294
900 224 0.000497
900 324 0.000374
1000 24 0.000086
1000 124 0.000114
1000 224 0.000205
1000 324 0.000229
1100 24 0.000063
1100 124 0.000342
1100 224 0.000623
1200 24 0.000119
1200 124 0.000270
1200 224 0.000229
1300 24 0.000065
1300 124 0.000393
1300 224 0.000674
1400 24 0.000135
1400 124 0.000155
1400 224 0.000645
1500 24 0.000070
1500 124 0.000475
1500 224 0.000740
1600 24 0.000083
1600 124 0.000458
1700 24 0.000066
1700 124 0.000237
1800 24 0.000136
1800 124 0.000205
1900 24 0.000084
1900 124 0.000600
2000 24 0.000079
2000 124 0.000224
2100 24 0.000088
2100 124 0.000228
2200 24 0.000211
2200 124 0.000242
2300 24 0.000083
2300 124 0.000234
2400 24 0.000184
2400 124 0.000215
2500 24 0.000173
2500 124 0.000953
2600 24 0.000094
2600 124 0.000240
2700 24 0.000181
2700 124 0.000251
2800 24 0.000127
2800 124 0.000265
2900 24 0.000102
3000 24 0.000218
3100 24 0.000105
3200 24 0.000107
3300 24 0.000108
3400 24 0.000114
3500 24 0.000116
3600 24 0.000216
3700 24 0.000263
3800 24 0.000224
3900 24 0.000282
4000 24 0.000246
4100 24 0.000129
4200 24 0.000136
4300 24 0.000141
4400 24 0.000144
4500 24 0.000146
4600 24 0.000154
4700 24 0.000279
4800 24 0.000151
4900 24 0.000160
5000 24 0.000166
5100 24 0.000170
5200 24 0.000350
5300 24 0.000384
5400 24 0.000170
5500 24 0.000173
5600 24 0.000180
5700 24 0.000187
5800 24 0.000194
5900 24 0.000193
6000 24 0.000192
6100 24 0.000197
6200 24 0.000374
6300 24 0.000431
6400 24 0.000461
6500 24 0.000410
6600 24 0.000214
6700 24 0.000478
6800 24 0.000215
6900 24 0.000210
7000 24 0.000219
7100 24 0.000226
7200 24 0.000230
7300 24 0.000224
7400 24 0.000233
7500 24 0.000482
7600 24 0.000253
7700 24 0.000428
7800 24 0.000241
7900 24 0.000249
8000 24 0.000260
8100 24 0.000257
8200 24 0.000258
8300 24 0.000276
8400 24 0.000297
8500 24 0.000306
8600 24 0.000267
8700 24 0.000270
8800 24 0.000274
8900 24 0.000306
9000 24 0.000566
9100 24 0.000281
9200 24 0.000362
9300 24 0.000646
9400 24 0.000289
9500 24 0.000290
9600 24 0.000297
9700 24 0.000698
9800 24 0.000306
9900 24 0.000305
10000 24 0.000315
10000 1024 0.000691
