100 24 0.000011
100 124 0.000092
100 224 0.000108
100 324 0.000129
100 424 0.000178
100 524 0.000212
100 624 0.000253
100 724 0.000374
100 824 0.000322
100 924 0.000541
100 1024 0.000400
200 24 0.000022
200 124 0.000146
200 224 0.000191
200 324 0.000418
200 424 0.000396
200 524 0.000418
200 624 0.000827
200 724 0.000745
200 824 0.000841
200 924 0.000953
200 1024 0.000857
300 24 0.000028
300 124 0.000242
300 224 0.000305
300 324 0.000425
300 424 0.000615
300 524 0.000855
300 624 0.000827
300 724 0.001983
300 824 0.002533
300 924 0.003149
300 1024 0.001192
400 24 0.000104
400 124 0.000362
400 224 0.000702
400 324 0.001146
400 424 0.001419
400 524 0.000840
400 624 0.001744
400 724 0.002371
400 824 0.001423
500 24 0.000048
500 124 0.000265
500 224 0.000949
500 324 0.000952
500 424 0.001041
500 524 0.001498
500 624 0.003155
600 24 0.000058
600 124 0.000414
600 224 0.000593
600 324 0.001940
600 424 0.001131
600 524 0.001249
700 24 0.000081
700 124 0.000343
700 224 0.000662
700 324 0.001936
700 424 0.001382
800 24 0.000214
800 124 0.000471
800 224 0.000779
800 324 0.001631
800 424 0.001472
900 24 0.000249
900 124 0.000893
900 224 0.003572
900 324 0.001255
1000 24 0.000128
1000 124 0.000745
1000 224 0.000934
1000 324 0.001544
1100 24 0.000100
1100 124 0.000543
1100 224 0.002657
1200 24 0.000169
1200 124 0.001755
1200 224 0.003825
1300 24 0.000128
1300 124 0.000717
1300 224 0.001243
1400 24 0.000285
1400 124 0.000712
1400 224 0.002364
1500 24 0.000169
1500 124 0.001973
1500 224 0.001963
1600 24 0.000178
1600 124 0.000912
1700 24 0.000163
1700 124 0.002237
1800 24 0.000458
1800 124 0.000938
1900 24 0.000196
1900 124 0.001891
2000 24 0.000319
2000 124 0.001272
2100 24 0.000239
2100 124 0.001208
2200 24 0.000724
2200 124 0.001638
2300 24 0.000299
2300 124 0.001300
2400 24 0.000952
2400 124 0.002285
2500 24 0.000469
2500 124 0.001257
2600 24 0.000256
2600 124 0.001238
2700 24 0.000306
2700 124 0.003534
2800 24 0.000303
2800 124 0.001324
2900 24 0.000278
3000 24 0.000472
3100 24 0.000305
3200 24 0.000319
3300 24 0.000322
3400 24 0.000909
3500 24 0.000362
3600 24 0.000865
3700 24 0.000711
3800 24 0.000734
3900 24 0.000360
4000 24 0.000749
4100 24 0.000516
4200 24 0.000411
4300 24 0.000409
4400 24 0.000428
4500 24 0.000479
4600 24 0.000447
4700 24 0.001036
4800 24 0.000496
4900 24 0.000465
5000 24 0.000501
5100 24 0.000618
5200 24 0.001316
5300 24 0.001178
5400 24 0.000536
5500 24 0.000722
5600 24 0.000537
5700 24 0.000593
5800 24 0.000569
5900 24 0.000575
6000 24 0.001528
6100 24 0.000568
6200 24 0.000606
6300 24 0.001552
6400 24 0.001359
6500 24 0.001610
6600 24 0.000633
6700 24 0.001478
6800 24 0.000720
6900 24 0.000833
7000 24 0.000699
7100 24 0.000743
7200 24 0.000798
7300 24 0.001902
7400 24 0.000821
7500 24 0.001476
7600 24 0.000792
7700 24 0.000839
7800 24 0.000814
7900 24 0.000851
8000 24 0.000791
8100 24 0.000810
8200 24 0.000840
8300 24 0.000807
8400 24 0.000812
8500 24 0.001131
8600 24 0.001998
8700 24 0.001114
8800 24 0.000856
8900 24 0.002207
9000 24 0.000971
9100 24 0.002128
9200 24 0.001162
9300 24 0.001542
9400 24 0.001181
9500 24 0.001350
9600 24 0.000893
9700 24 0.001018
9800 24 0.001029
9900 24 0.001005
10000 24 0.001122
10000 1024 0.000058
