0	0	200
0.0555556	0	200
0.111111	0	200
0.166667	0	200
0.222222	0	200
0.277778	0	200
0.333333	0	200
0.388889	0	200
0.444444	0	200
0.5	0	200
0.555556	0	200
0.611111	0	200
0.666667	0	200
0.722222	0	200
0.777778	0	200
0.833333	0	200
0.888889	0	200
0.944444	0	200
1	0	200
1.05556	0	200
1.11111	0	200
1.16667	0	200
1.22222	0	200
1.27778	0	200
1.33333	0	200
1.38889	0	200
1.44444	0	200
1.5	0	200
1.55556	0	200
1.61111	0	200
1.66667	0	200
1.72222	0	200
1.77778	0	200
1.83333	0	200
1.88889	0	200
1.94444	0	200
2	0	200
2.05556	0	200
2.11111	0	200
2.16667	0	200
2.22222	0	200
2.27778	0	200
2.33333	0	200
2.38889	0	200
2.44444	0	200
2.5	0	200
2.55556	0	200
2.61111	0	200
2.66667	0	200
2.72222	0	200
2.77778	0	200
2.83333	0	200
2.88889	0	200
2.94444	0	200
3	0	200
3.05556	0	200
3.11111	0	200
3.16667	0	200
3.22222	0	200
3.27778	0	200
3.33333	0	200
3.38889	0	200
3.44444	0	200
3.5	0	200

0	0.0555556	200
0.0555556	0.0555556	199.234
0.111111	0.0555556	198.475
0.166667	0.0555556	197.724
0.222222	0.0555556	196.986
0.277778	0.0555556	196.265
0.333333	0.0555556	195.566
0.388889	0.0555556	194.893
0.444444	0.0555556	194.248
0.5	0.0555556	193.634
0.555556	0.0555556	193.051
0.611111	0.0555556	192.502
0.666667	0.0555556	191.99
0.722222	0.0555556	191.512
0.777778	0.0555556	191.07
0.833333	0.0555556	190.664
0.888889	0.0555556	190.293
0.944444	0.0555556	189.956
1	0.0555556	189.651
1.05556	0.0555556	189.378
1.11111	0.0555556	189.134
1.16667	0.0555556	188.918
1.22222	0.0555556	188.727
1.27778	0.0555556	188.559
1.33333	0.0555556	188.412
1.38889	0.0555556	188.285
1.44444	0.0555556	188.176
1.5	0.0555556	188.082
1.55556	0.0555556	188
1.61111	0.0555556	187.93
1.66667	0.0555556	187.869
1.72222	0.0555556	187.817
1.77778	0.0555556	187.773
1.83333	0.0555556	187.732
1.88889	0.0555556	187.695
1.94444	0.0555556	187.659
2	0.0555556	187.623
2.05556	0.0555556	187.586
2.11111	0.0555556	187.548
2.16667	0.0555556	187.505
2.22222	0.0555556	187.453
2.27778	0.0555556	187.392
2.33333	0.0555556	187.318
2.38889	0.0555556	187.228
2.44444	0.0555556	187.119
2.5	0.0555556	186.984
2.55556	0.0555556	186.815
2.61111	0.0555556	186.607
2.66667	0.0555556	186.348
2.72222	0.0555556	186.024
2.77778	0.0555556	185.618
2.83333	0.0555556	185.107
2.88889	0.0555556	184.457
2.94444	0.0555556	183.626
3	0.0555556	182.546
3.05556	0.0555556	181.123
3.11111	0.0555556	179.203
3.16667	0.0555556	176.539
3.22222	0.0555556	172.685
3.27778	0.0555556	166.783
3.33333	0.0555556	156.98
3.38889	0.0555556	138.766
3.44444	0.0555556	99.6172
3.5	0.0555556	0

0	0.111111	200
0.0555556	0.111111	198.475
0.111111	0.111111	196.958
0.166667	0.111111	195.461
0.222222	0.111111	193.991
0.277778	0.111111	192.554
0.333333	0.111111	191.161
0.388889	0.111111	189.819
0.444444	0.111111	188.534
0.5	0.111111	187.307
0.555556	0.111111	186.146
0.611111	0.111111	185.052
0.666667	0.111111	184.028
0.722222	0.111111	183.076
0.777778	0.111111	182.195
0.833333	0.111111	181.386
0.888889	0.111111	180.645
0.944444	0.111111	179.972
1	0.111111	179.365
1.05556	0.111111	178.82
1.11111	0.111111	178.334
1.16667	0.111111	177.902
1.22222	0.111111	177.522
1.27778	0.111111	177.188
1.33333	0.111111	176.896
1.38889	0.111111	176.643
1.44444	0.111111	176.424
1.5	0.111111	176.235
1.55556	0.111111	176.074
1.61111	0.111111	175.933
1.66667	0.111111	175.813
1.72222	0.111111	175.71
1.77778	0.111111	175.619
1.83333	0.111111	175.538
1.88889	0.111111	175.465
1.94444	0.111111	175.394
2	0.111111	175.324
2.05556	0.111111	175.252
2.11111	0.111111	175.175
2.16667	0.111111	175.087
2.22222	0.111111	174.986
2.27778	0.111111	174.866
2.33333	0.111111	174.721
2.38889	0.111111	174.545
2.44444	0.111111	174.329
2.5	0.111111	174.062
2.55556	0.111111	173.733
2.61111	0.111111	173.325
2.66667	0.111111	172.817
2.72222	0.111111	172.186
2.77778	0.111111	171.394
2.83333	0.111111	170.4
2.88889	0.111111	169.143
2.94444	0.111111	167.541
3	0.111111	165.475
3.05556	0.111111	162.776
3.11111	0.111111	159.184
3.16667	0.111111	154.295
3.22222	0.111111	147.443
3.27778	0.111111	137.484
3.33333	0.111111	122.383
3.38889	0.111111	98.4792
3.44444	0.111111	59.7078
3.5	0.111111	0

0	0.166667	200
0.0555556	0.166667	197.724
0.111111	0.166667	195.461
0.166667	0.166667	193.226
0.222222	0.166667	191.032
0.277778	0.166667	188.89
0.333333	0.166667	186.812
0.388889	0.166667	184.808
0.444444	0.166667	182.888
0.5	0.166667	181.057
0.555556	0.166667	179.324
0.611111	0.166667	177.691
0.666667	0.166667	176.163
0.722222	0.166667	174.741
0.777778	0.166667	173.427
0.833333	0.166667	172.219
0.888889	0.166667	171.114
0.944444	0.166667	170.11
1	0.166667	169.204
1.05556	0.166667	168.391
1.11111	0.166667	167.664
1.16667	0.166667	167.021
1.22222	0.166667	166.453
1.27778	0.166667	165.954
1.33333	0.166667	165.519
1.38889	0.166667	165.14
1.44444	0.166667	164.814
1.5	0.166667	164.532
1.55556	0.166667	164.291
1.61111	0.166667	164.082
1.66667	0.166667	163.904
1.72222	0.166667	163.749
1.77778	0.166667	163.614
1.83333	0.166667	163.493
1.88889	0.166667	163.384
1.94444	0.166667	163.279
2	0.166667	163.177
2.05556	0.166667	163.07
2.11111	0.166667	162.955
2.16667	0.166667	162.827
2.22222	0.166667	162.678
2.27778	0.166667	162.503
2.33333	0.166667	162.29
2.38889	0.166667	162.033
2.44444	0.166667	161.718
2.5	0.166667	161.329
2.55556	0.166667	160.85
2.61111	0.166667	160.258
2.66667	0.166667	159.525
2.72222	0.166667	158.613
2.77778	0.166667	157.476
2.83333	0.166667	156.053
2.88889	0.166667	154.266
2.94444	0.166667	152.004
3	0.166667	149.115
3.05556	0.166667	145.391
3.11111	0.166667	140.525
3.16667	0.166667	134.07
3.22222	0.166667	125.354
3.27778	0.166667	113.366
3.33333	0.166667	96.6142
3.38889	0.166667	73.0796
3.44444	0.166667	40.7445
3.5	0.166667	0

0	0.222222	200
0.0555556	0.222222	196.986
0.111111	0.222222	193.991
0.166667	0.222222	191.032
0.222222	0.222222	188.127
0.277778	0.222222	185.291
0.333333	0.222222	182.539
0.388889	0.222222	179.887
0.444444	0.222222	177.343
0.5	0.222222	174.92
0.555556	0.222222	172.625
0.611111	0.222222	170.463
0.666667	0.222222	168.44
0.722222	0.222222	166.558
0.777778	0.222222	164.817
0.833333	0.222222	163.217
0.888889	0.222222	161.755
0.944444	0.222222	160.426
1	0.222222	159.226
1.05556	0.222222	158.149
1.11111	0.222222	157.188
1.16667	0.222222	156.335
1.22222	0.222222	155.582
1.27778	0.222222	154.922
1.33333	0.222222	154.346
1.38889	0.222222	153.845
1.44444	0.222222	153.413
1.5	0.222222	153.04
1.55556	0.222222	152.72
1.61111	0.222222	152.445
1.66667	0.222222	152.209
1.72222	0.222222	152.005
1.77778	0.222222	151.826
1.83333	0.222222	151.667
1.88889	0.222222	151.522
1.94444	0.222222	151.385
2	0.222222	151.251
2.05556	0.222222	151.112
2.11111	0.222222	150.964
2.16667	0.222222	150.796
2.22222	0.222222	150.604
2.27778	0.222222	150.377
2.33333	0.222222	150.103
2.38889	0.222222	149.773
2.44444	0.222222	149.368
2.5	0.222222	148.872
2.55556	0.222222	148.26
2.61111	0.222222	147.506
2.66667	0.222222	146.575
2.72222	0.222222	145.422
2.77778	0.222222	143.993
2.83333	0.222222	142.215
2.88889	0.222222	139.997
2.94444	0.222222	137.214
3	0.222222	133.704
3.05556	0.222222	129.248
3.11111	0.222222	123.545
3.16667	0.222222	116.183
3.22222	0.222222	106.602
3.27778	0.222222	94.0657
3.33333	0.222222	77.6689
3.38889	0.222222	56.5081
3.44444	0.222222	30.2042
3.5	0.222222	0

0	0.277778	200
0.0555556	0.277778	196.265
0.111111	0.277778	192.554
0.166667	0.277778	188.89
0.222222	0.277778	185.291
0.277778	0.277778	181.778
0.333333	0.277778	178.37
0.388889	0.277778	175.083
0.444444	0.277778	171.932
0.5	0.277778	168.93
0.555556	0.277778	166.086
0.611111	0.277778	163.408
0.666667	0.277778	160.901
0.722222	0.277778	158.57
0.777778	0.277778	156.414
0.833333	0.277778	154.431
0.888889	0.277778	152.619
0.944444	0.277778	150.973
1	0.277778	149.486
1.05556	0.277778	148.152
1.11111	0.277778	146.962
1.16667	0.277778	145.904
1.22222	0.277778	144.972
1.27778	0.277778	144.154
1.33333	0.277778	143.439
1.38889	0.277778	142.819
1.44444	0.277778	142.284
1.5	0.277778	141.823
1.55556	0.277778	141.426
1.61111	0.277778	141.086
1.66667	0.277778	140.794
1.72222	0.277778	140.541
1.77778	0.277778	140.321
1.83333	0.277778	140.126
1.88889	0.277778	139.948
1.94444	0.277778	139.779
2	0.277778	139.615
2.05556	0.277778	139.447
2.11111	0.277778	139.266
2.16667	0.277778	139.065
2.22222	0.277778	138.834
2.27778	0.277778	138.561
2.33333	0.277778	138.234
2.38889	0.277778	137.839
2.44444	0.277778	137.357
2.5	0.277778	136.768
2.55556	0.277778	136.045
2.61111	0.277778	135.156
2.66667	0.277778	134.063
2.72222	0.277778	132.715
2.77778	0.277778	131.055
2.83333	0.277778	129.003
2.88889	0.277778	126.464
2.94444	0.277778	123.312
3	0.277778	119.389
3.05556	0.277778	114.487
3.11111	0.277778	108.341
3.16667	0.277778	100.615
3.22222	0.277778	90.8929
3.27778	0.277778	78.6948
3.33333	0.277778	63.5409
3.38889	0.277778	45.1147
3.44444	0.277778	23.5819
3.5	0.277778	0

0	0.333333	200
0.0555556	0.333333	195.566
0.111111	0.333333	191.161
0.166667	0.333333	186.812
0.222222	0.333333	182.539
0.277778	0.333333	178.37
0.333333	0.333333	174.324
0.388889	0.333333	170.423
0.444444	0.333333	166.682
0.5	0.333333	163.118
0.555556	0.333333	159.742
0.611111	0.333333	156.563
0.666667	0.333333	153.588
0.722222	0.333333	150.82
0.777778	0.333333	148.26
0.833333	0.333333	145.906
0.888889	0.333333	143.755
0.944444	0.333333	141.8
1	0.333333	140.036
1.05556	0.333333	138.452
1.11111	0.333333	137.039
1.16667	0.333333	135.784
1.22222	0.333333	134.677
1.27778	0.333333	133.706
1.33333	0.333333	132.858
1.38889	0.333333	132.122
1.44444	0.333333	131.487
1.5	0.333333	130.939
1.55556	0.333333	130.469
1.61111	0.333333	130.065
1.66667	0.333333	129.719
1.72222	0.333333	129.42
1.77778	0.333333	129.16
1.83333	0.333333	128.93
1.88889	0.333333	128.721
1.94444	0.333333	128.524
2	0.333333	128.332
2.05556	0.333333	128.136
2.11111	0.333333	127.928
2.16667	0.333333	127.696
2.22222	0.333333	127.431
2.27778	0.333333	127.119
2.33333	0.333333	126.748
2.38889	0.333333	126.299
2.44444	0.333333	125.755
2.5	0.333333	125.09
2.55556	0.333333	124.278
2.61111	0.333333	123.283
2.66667	0.333333	122.066
2.72222	0.333333	120.573
2.77778	0.333333	118.745
2.83333	0.333333	116.504
2.88889	0.333333	113.754
2.94444	0.333333	110.377
3	0.333333	106.229
3.05556	0.333333	101.129
3.11111	0.333333	94.8604
3.16667	0.333333	87.1672
3.22222	0.333333	77.7641
3.27778	0.333333	66.3652
3.33333	0.333333	52.7483
3.38889	0.333333	36.871
3.44444	0.333333	19.0303
3.5	0.333333	0

0	0.388889	200
0.0555556	0.388889	194.893
0.111111	0.388889	189.82
0.166667	0.388889	184.808
0.222222	0.388889	179.887
0.277778	0.388889	175.083
0.333333	0.388889	170.423
0.388889	0.388889	165.928
0.444444	0.388889	161.619
0.5	0.388889	157.513
0.555556	0.388889	153.624
0.611111	0.388889	149.961
0.666667	0.388889	146.534
0.722222	0.388889	143.345
0.777778	0.388889	140.396
0.833333	0.388889	137.684
0.888889	0.388889	135.206
0.944444	0.388889	132.955
1	0.388889	130.922
1.05556	0.388889	129.097
1.11111	0.388889	127.469
1.16667	0.388889	126.023
1.22222	0.388889	124.748
1.27778	0.388889	123.63
1.33333	0.388889	122.653
1.38889	0.388889	121.806
1.44444	0.388889	121.073
1.5	0.388889	120.443
1.55556	0.388889	119.902
1.61111	0.388889	119.438
1.66667	0.388889	119.04
1.72222	0.388889	118.697
1.77778	0.388889	118.398
1.83333	0.388889	118.134
1.88889	0.388889	117.896
1.94444	0.388889	117.673
2	0.388889	117.456
2.05556	0.388889	117.237
2.11111	0.388889	117.003
2.16667	0.388889	116.746
2.22222	0.388889	116.453
2.27778	0.388889	116.11
2.33333	0.388889	115.702
2.38889	0.388889	115.212
2.44444	0.388889	114.619
2.5	0.388889	113.898
2.55556	0.388889	113.02
2.61111	0.388889	111.951
2.66667	0.388889	110.646
2.72222	0.388889	109.058
2.77778	0.388889	107.125
2.83333	0.388889	104.772
2.88889	0.388889	101.913
2.94444	0.388889	98.4399
3	0.388889	94.2273
3.05556	0.388889	89.1271
3.11111	0.388889	82.9708
3.16667	0.388889	75.5739
3.22222	0.388889	66.7524
3.27778	0.388889	56.3507
3.33333	0.388889	44.2901
3.38889	0.388889	30.6403
3.44444	0.388889	15.693
3.5	0.388889	0

0	0.444444	200
0.0555556	0.444444	194.248
0.111111	0.444444	188.534
0.166667	0.444444	182.888
0.222222	0.444444	177.343
0.277778	0.444444	171.932
0.333333	0.444444	166.682
0.388889	0.444444	161.619
0.444444	0.444444	156.765
0.5	0.444444	152.14
0.555556	0.444444	147.758
0.611111	0.444444	143.633
0.666667	0.444444	139.771
0.722222	0.444444	136.18
0.777778	0.444444	132.856
0.833333	0.444444	129.802
0.888889	0.444444	127.011
0.944444	0.444444	124.475
1	0.444444	122.185
1.05556	0.444444	120.129
1.11111	0.444444	118.294
1.16667	0.444444	116.666
1.22222	0.444444	115.229
1.27778	0.444444	113.969
1.33333	0.444444	112.869
1.38889	0.444444	111.914
1.44444	0.444444	111.09
1.5	0.444444	110.38
1.55556	0.444444	109.771
1.61111	0.444444	109.249
1.66667	0.444444	108.802
1.72222	0.444444	108.417
1.77778	0.444444	108.082
1.83333	0.444444	107.788
1.88889	0.444444	107.522
1.94444	0.444444	107.275
2	0.444444	107.037
2.05556	0.444444	106.796
2.11111	0.444444	106.543
2.16667	0.444444	106.265
2.22222	0.444444	105.949
2.27778	0.444444	105.582
2.33333	0.444444	105.148
2.38889	0.444444	104.628
2.44444	0.444444	104.001
2.5	0.444444	103.242
2.55556	0.444444	102.322
2.61111	0.444444	101.206
2.66667	0.444444	99.8525
2.72222	0.444444	98.2136
2.77778	0.444444	96.2319
2.83333	0.444444	93.8399
2.88889	0.444444	90.9582
2.94444	0.444444	87.4949
3	0.444444	83.3449
3.05556	0.444444	78.3907
3.11111	0.444444	72.5068
3.16667	0.444444	65.5664
3.22222	0.444444	57.4574
3.27778	0.444444	48.1044
3.33333	0.444444	37.5041
3.38889	0.444444	25.7625
3.44444	0.444444	13.1289
3.5	0.444444	0

0	0.5	200
0.0555556	0.5	193.634
0.111111	0.5	187.307
0.166667	0.5	181.057
0.222222	0.5	174.92
0.277778	0.5	168.93
0.333333	0.5	163.118
0.388889	0.5	157.513
0.444444	0.5	152.14
0.5	0.5	147.02
0.555556	0.5	142.169
0.611111	0.5	137.602
0.666667	0.5	133.328
0.722222	0.5	129.351
0.777778	0.5	125.672
0.833333	0.5	122.291
0.888889	0.5	119.201
0.944444	0.5	116.393
1	0.5	113.858
1.05556	0.5	111.582
1.11111	0.5	109.55
1.16667	0.5	107.748
1.22222	0.5	106.158
1.27778	0.5	104.762
1.33333	0.5	103.545
1.38889	0.5	102.489
1.44444	0.5	101.576
1.5	0.5	100.791
1.55556	0.5	100.117
1.61111	0.5	99.5407
1.66667	0.5	99.0469
1.72222	0.5	98.6222
1.77778	0.5	98.2542
1.83333	0.5	97.9311
1.88889	0.5	97.6407
1.94444	0.5	97.3723
2	0.5	97.1147
2.05556	0.5	96.8566
2.11111	0.5	96.5866
2.16667	0.5	96.2925
2.22222	0.5	95.9609
2.27778	0.5	95.5773
2.33333	0.5	95.1257
2.38889	0.5	94.5874
2.44444	0.5	93.9409
2.5	0.5	93.1618
2.55556	0.5	92.2209
2.61111	0.5	91.0853
2.66667	0.5	89.7159
2.72222	0.5	88.0676
2.77778	0.5	86.0875
2.83333	0.5	83.7158
2.88889	0.5	80.8833
2.94444	0.5	77.5129
3	0.5	73.5196
3.05556	0.5	68.813
3.11111	0.5	63.3023
3.16667	0.5	56.9039
3.22222	0.5	49.5539
3.27778	0.5	41.2255
3.33333	0.5	31.9497
3.38889	0.5	21.8372
3.44444	0.5	11.0907
3.5	0.5	0

0	0.555556	200
0.0555556	0.555556	193.051
0.111111	0.555556	186.146
0.166667	0.555556	179.324
0.222222	0.555556	172.625
0.277778	0.555556	166.086
0.333333	0.555556	159.742
0.388889	0.555556	153.624
0.444444	0.555556	147.758
0.5	0.555556	142.169
0.555556	0.555556	136.874
0.611111	0.555556	131.889
0.666667	0.555556	127.224
0.722222	0.555556	122.882
0.777778	0.555556	118.867
0.833333	0.555556	115.176
0.888889	0.555556	111.802
0.944444	0.555556	108.737
1	0.555556	105.97
1.05556	0.555556	103.485
1.11111	0.555556	101.267
1.16667	0.555556	99.2996
1.22222	0.555556	97.5637
1.27778	0.555556	96.0411
1.33333	0.555556	94.7126
1.38889	0.555556	93.5595
1.44444	0.555556	92.5639
1.5	0.555556	91.7071
1.55556	0.555556	90.9731
1.61111	0.555556	90.3449
1.66667	0.555556	89.8073
1.72222	0.555556	89.3459
1.77778	0.555556	88.9469
1.83333	0.555556	88.5975
1.88889	0.555556	88.2848
1.94444	0.555556	87.9976
2	0.555556	87.7235
2.05556	0.555556	87.4515
2.11111	0.555556	87.1689
2.16667	0.555556	86.8634
2.22222	0.555556	86.5214
2.27778	0.555556	86.1284
2.33333	0.555556	85.6679
2.38889	0.555556	85.1216
2.44444	0.555556	84.4685
2.5	0.555556	83.6852
2.55556	0.555556	82.7437
2.61111	0.555556	81.6126
2.66667	0.555556	80.2561
2.72222	0.555556	78.6328
2.77778	0.555556	76.6959
2.83333	0.555556	74.3927
2.88889	0.555556	71.6648
2.94444	0.555556	68.4489
3	0.555556	64.6775
3.05556	0.555556	60.2832
3.11111	0.555556	55.2019
3.16667	0.555556	49.3808
3.22222	0.555556	42.7874
3.27778	0.555556	35.4214
3.33333	0.555556	27.3286
3.38889	0.555556	18.6103
3.44444	0.555556	9.42887
3.5	0.555556	0

0	0.611111	200
0.0555556	0.611111	192.502
0.111111	0.611111	185.052
0.166667	0.611111	177.691
0.222222	0.611111	170.463
0.277778	0.611111	163.408
0.333333	0.611111	156.563
0.388889	0.611111	149.961
0.444444	0.611111	143.633
0.5	0.611111	137.602
0.555556	0.611111	131.889
0.611111	0.611111	126.511
0.666667	0.611111	121.476
0.722222	0.611111	116.791
0.777778	0.611111	112.459
0.833333	0.611111	108.475
0.888889	0.611111	104.835
0.944444	0.611111	101.528
1	0.611111	98.5415
1.05556	0.611111	95.8605
1.11111	0.611111	93.4677
1.16667	0.611111	91.3446
1.22222	0.611111	89.4717
1.27778	0.611111	87.829
1.33333	0.611111	86.3958
1.38889	0.611111	85.1521
1.44444	0.611111	84.0781
1.5	0.611111	83.1548
1.55556	0.611111	82.3635
1.61111	0.611111	81.6869
1.66667	0.611111	81.1086
1.72222	0.611111	80.6133
1.77778	0.611111	80.1857
1.83333	0.611111	79.8124
1.88889	0.611111	79.48
1.94444	0.611111	79.1762
2	0.611111	78.889
2.05556	0.611111	78.6057
2.11111	0.611111	78.3144
2.16667	0.611111	78.002
2.22222	0.611111	77.6548
2.27778	0.611111	77.2585
2.33333	0.611111	76.797
2.38889	0.611111	76.2522
2.44444	0.611111	75.6046
2.5	0.611111	74.8309
2.55556	0.611111	73.9057
2.61111	0.611111	72.7997
2.66667	0.611111	71.4804
2.72222	0.611111	69.9105
2.77778	0.611111	68.0494
2.83333	0.611111	65.8518
2.88889	0.611111	63.2689
2.94444	0.611111	60.2497
3	0.611111	56.7421
3.05556	0.611111	52.6962
3.11111	0.611111	48.0685
3.16667	0.611111	42.827
3.22222	0.611111	36.9591
3.27778	0.611111	30.4786
3.33333	0.611111	23.4341
3.38889	0.611111	15.9144
3.44444	0.611111	8.04862
3.5	0.611111	0

0	0.666667	200
0.0555556	0.666667	191.99
0.111111	0.666667	184.028
0.166667	0.666667	176.163
0.222222	0.666667	168.44
0.277778	0.666667	160.902
0.333333	0.666667	153.588
0.388889	0.666667	146.534
0.444444	0.666667	139.771
0.5	0.666667	133.328
0.555556	0.666667	127.224
0.611111	0.666667	121.476
0.666667	0.666667	116.096
0.722222	0.666667	111.09
0.777778	0.666667	106.46
0.833333	0.666667	102.204
0.888889	0.666667	98.3138
0.944444	0.666667	94.7801
1	0.666667	91.5888
1.05556	0.666667	88.724
1.11111	0.666667	86.1672
1.16667	0.666667	83.8988
1.22222	0.666667	81.8977
1.27778	0.666667	80.1425
1.33333	0.666667	78.6115
1.38889	0.666667	77.2831
1.44444	0.666667	76.1362
1.5	0.666667	75.1504
1.55556	0.666667	74.306
1.61111	0.666667	73.5844
1.66667	0.666667	72.9683
1.72222	0.666667	72.4415
1.77778	0.666667	71.9879
1.83333	0.666667	71.5932
1.88889	0.666667	71.2435
1.94444	0.666667	70.926
2	0.666667	70.6278
2.05556	0.666667	70.3365
2.11111	0.666667	70.0397
2.16667	0.666667	69.7243
2.22222	0.666667	69.3768
2.27778	0.666667	68.9831
2.33333	0.666667	68.5274
2.38889	0.666667	67.9928
2.44444	0.666667	67.3599
2.5	0.666667	66.608
2.55556	0.666667	65.7131
2.61111	0.666667	64.649
2.66667	0.666667	63.3859
2.72222	0.666667	61.8915
2.77778	0.666667	60.1303
2.83333	0.666667	58.0645
2.88889	0.666667	55.6541
2.94444	0.666667	52.8583
3	0.666667	49.6374
3.05556	0.666667	45.9553
3.11111	0.666667	41.7831
3.16667	0.666667	37.1034
3.22222	0.666667	31.9148
3.27778	0.666667	26.2379
3.33333	0.666667	20.1193
3.38889	0.666667	13.6344
3.44444	0.666667	6.8862
3.5	0.666667	0

0	0.722222	200
0.0555556	0.722222	191.512
0.111111	0.722222	183.076
0.166667	0.722222	174.741
0.222222	0.722222	166.558
0.277778	0.722222	158.57
0.333333	0.722222	150.82
0.388889	0.722222	143.345
0.444444	0.722222	136.18
0.5	0.722222	129.351
0.555556	0.722222	122.882
0.611111	0.722222	116.791
0.666667	0.722222	111.09
0.722222	0.722222	105.785
0.777778	0.722222	100.879
0.833333	0.722222	96.3684
0.888889	0.722222	92.2462
0.944444	0.722222	88.5017
1	0.722222	85.12
1.05556	0.722222	82.0841
1.11111	0.722222	79.375
1.16667	0.722222	76.9712
1.22222	0.722222	74.851
1.27778	0.722222	72.9913
1.33333	0.722222	71.3692
1.38889	0.722222	69.9622
1.44444	0.722222	68.7473
1.5	0.722222	67.7036
1.55556	0.722222	66.8102
1.61111	0.722222	66.0472
1.66667	0.722222	65.3965
1.72222	0.722222	64.8406
1.77778	0.722222	64.3634
1.83333	0.722222	63.9497
1.88889	0.722222	63.585
1.94444	0.722222	63.2559
2	0.722222	62.9494
2.05556	0.722222	62.6528
2.11111	0.722222	62.3534
2.16667	0.722222	62.0386
2.22222	0.722222	61.695
2.27778	0.722222	61.3087
2.33333	0.722222	60.8648
2.38889	0.722222	60.347
2.44444	0.722222	59.7376
2.5	0.722222	59.017
2.55556	0.722222	58.1636
2.61111	0.722222	57.1537
2.66667	0.722222	55.9613
2.72222	0.722222	54.5581
2.77778	0.722222	52.9139
2.83333	0.722222	50.9973
2.88889	0.722222	48.7756
2.94444	0.722222	46.217
3	0.722222	43.2915
3.05556	0.722222	39.9734
3.11111	0.722222	36.2442
3.16667	0.722222	32.0958
3.22222	0.722222	27.5333
3.27778	0.722222	22.5796
3.33333	0.722222	17.2772
3.38889	0.722222	11.689
3.44444	0.722222	5.89743
3.5	0.722222	0

0	0.777778	200
0.0555556	0.777778	191.07
0.111111	0.777778	182.195
0.166667	0.777778	173.427
0.222222	0.777778	164.817
0.277778	0.777778	156.414
0.333333	0.777778	148.26
0.388889	0.777778	140.396
0.444444	0.777778	132.856
0.5	0.777778	125.672
0.555556	0.777778	118.867
0.611111	0.777778	112.459
0.666667	0.777778	106.46
0.722222	0.777778	100.879
0.777778	0.777778	95.7171
0.833333	0.777778	90.9715
0.888889	0.777778	86.6347
0.944444	0.777778	82.6949
1	0.777778	79.1372
1.05556	0.777778	75.9433
1.11111	0.777778	73.093
1.16667	0.777778	70.5644
1.22222	0.777778	68.3339
1.27778	0.777778	66.3777
1.33333	0.777778	64.6716
1.38889	0.777778	63.1919
1.44444	0.777778	61.9146
1.5	0.777778	60.8175
1.55556	0.777778	59.8786
1.61111	0.777778	59.0776
1.66667	0.777778	58.3951
1.72222	0.777778	57.813
1.77778	0.777778	57.3146
1.83333	0.777778	56.884
1.88889	0.777778	56.5062
1.94444	0.777778	56.1677
2	0.777778	55.8551
2.05556	0.777778	55.5555
2.11111	0.777778	55.2564
2.16667	0.777778	54.9451
2.22222	0.777778	54.6088
2.27778	0.777778	54.234
2.33333	0.777778	53.8065
2.38889	0.777778	53.3112
2.44444	0.777778	52.7315
2.5	0.777778	52.0496
2.55556	0.777778	51.2461
2.61111	0.777778	50.2998
2.66667	0.777778	49.188
2.72222	0.777778	47.8865
2.77778	0.777778	46.37
2.83333	0.777778	44.612
2.88889	0.777778	42.5868
2.94444	0.777778	40.2694
3	0.777778	37.6373
3.05556	0.777778	34.6729
3.11111	0.777778	31.3646
3.16667	0.777778	27.7101
3.22222	0.777778	23.7182
3.27778	0.777778	19.4116
3.33333	0.777778	14.8275
3.38889	0.777778	10.0184
3.44444	0.777778	5.05037
3.5	0.777778	0

0	0.833333	200
0.0555556	0.833333	190.664
0.111111	0.833333	181.386
0.166667	0.833333	172.219
0.222222	0.833333	163.217
0.277778	0.833333	154.431
0.333333	0.833333	145.906
0.388889	0.833333	137.684
0.444444	0.833333	129.802
0.5	0.833333	122.291
0.555556	0.833333	115.176
0.611111	0.833333	108.475
0.666667	0.833333	102.204
0.722222	0.833333	96.3684
0.777778	0.833333	90.9715
0.833333	0.833333	86.0099
0.888889	0.833333	81.4757
0.944444	0.833333	77.3566
1	0.833333	73.6369
1.05556	0.833333	70.2979
1.11111	0.833333	67.3181
1.16667	0.833333	64.6746
1.22222	0.833333	62.3429
1.27778	0.833333	60.298
1.33333	0.833333	58.5148
1.38889	0.833333	56.9681
1.44444	0.833333	55.6334
1.5	0.833333	54.4873
1.55556	0.833333	53.507
1.61111	0.833333	52.6712
1.66667	0.833333	51.9599
1.72222	0.833333	51.3542
1.77778	0.833333	50.8367
1.83333	0.833333	50.3913
1.88889	0.833333	50.0026
1.94444	0.833333	49.6566
2	0.833333	49.3397
2.05556	0.833333	49.0392
2.11111	0.833333	48.7425
2.16667	0.833333	48.4373
2.22222	0.833333	48.1111
2.27778	0.833333	47.751
2.33333	0.833333	47.3436
2.38889	0.833333	46.8749
2.44444	0.833333	46.3296
2.5	0.833333	45.6917
2.55556	0.833333	44.9437
2.61111	0.833333	44.0672
2.66667	0.833333	43.0423
2.72222	0.833333	41.8484
2.77778	0.833333	40.4644
2.83333	0.833333	38.8688
2.88889	0.833333	37.0406
2.94444	0.833333	34.9608
3	0.833333	32.6128
3.05556	0.833333	29.9845
3.11111	0.833333	27.0692
3.16667	0.833333	23.8682
3.22222	0.833333	20.392
3.27778	0.833333	16.6615
3.33333	0.833333	12.7089
3.38889	0.833333	8.57774
3.44444	0.833333	4.32123
3.5	0.833333	0

0	0.888889	200
0.0555556	0.888889	190.293
0.111111	0.888889	180.645
0.166667	0.888889	171.114
0.222222	0.888889	161.755
0.277778	0.888889	152.619
0.333333	0.888889	143.755
0.388889	0.888889	135.206
0.444444	0.888889	127.011
0.5	0.888889	119.201
0.555556	0.888889	111.802
0.611111	0.888889	104.835
0.666667	0.888889	98.3138
0.722222	0.888889	92.2462
0.777778	0.888889	86.6347
0.833333	0.888889	81.4757
0.888889	0.888889	76.7611
0.944444	0.888889	72.4781
1	0.888889	68.6107
1.05556	0.888889	65.1389
1.11111	0.888889	62.0408
1.16667	0.888889	59.2922
1.22222	0.888889	56.868
1.27778	0.888889	54.7421
1.33333	0.888889	52.8884
1.38889	0.888889	51.2807
1.44444	0.888889	49.8937
1.5	0.888889	48.703
1.55556	0.888889	47.6851
1.61111	0.888889	46.8177
1.66667	0.888889	46.0804
1.72222	0.888889	45.4535
1.77778	0.888889	44.9193
1.83333	0.888889	44.461
1.88889	0.888889	44.0631
1.94444	0.888889	43.7112
2	0.888889	43.3918
2.05556	0.888889	43.0921
2.11111	0.888889	42.7997
2.16667	0.888889	42.5025
2.22222	0.888889	42.1886
2.27778	0.888889	41.8455
2.33333	0.888889	41.4609
2.38889	0.888889	41.0216
2.44444	0.888889	40.5139
2.5	0.888889	39.9232
2.55556	0.888889	39.2342
2.61111	0.888889	38.4306
2.66667	0.888889	37.4954
2.72222	0.888889	36.4114
2.77778	0.888889	35.1606
2.83333	0.888889	33.7256
2.88889	0.888889	32.0901
2.94444	0.888889	30.2391
3	0.888889	28.1606
3.05556	0.888889	25.8464
3.11111	0.888889	23.2933
3.16667	0.888889	20.5045
3.22222	0.888889	17.4909
3.27778	0.888889	14.2712
3.33333	0.888889	10.873
3.38889	0.888889	7.33219
3.44444	0.888889	3.69174
3.5	0.888889	0

0	0.944444	200
0.0555556	0.944444	189.956
0.111111	0.944444	179.972
0.166667	0.944444	170.11
0.222222	0.944444	160.426
0.277778	0.944444	150.973
0.333333	0.944444	141.8
0.388889	0.944444	132.955
0.444444	0.944444	124.475
0.5	0.944444	116.393
0.555556	0.944444	108.737
0.611111	0.944444	101.528
0.666667	0.944444	94.7801
0.722222	0.944444	88.5017
0.777778	0.944444	82.6949
0.833333	0.944444	77.3566
0.888889	0.944444	72.4781
0.944444	0.944444	68.0466
1	0.944444	64.0449
1.05556	0.944444	60.4525
1.11111	0.944444	57.2468
1.16667	0.944444	54.4029
1.22222	0.944444	51.8946
1.27778	0.944444	49.6952
1.33333	0.944444	47.7775
1.38889	0.944444	46.1145
1.44444	0.944444	44.6801
1.5	0.944444	43.4491
1.55556	0.944444	42.3972
1.61111	0.944444	41.5015
1.66667	0.944444	40.7407
1.72222	0.944444	40.095
1.77778	0.944444	39.5461
1.83333	0.944444	39.0766
1.88889	0.944444	38.6711
1.94444	0.944444	38.3149
2	0.944444	37.9944
2.05556	0.944444	37.6969
2.11111	0.944444	37.4101
2.16667	0.944444	37.1224
2.22222	0.944444	36.8223
2.27778	0.944444	36.4979
2.33333	0.944444	36.1377
2.38889	0.944444	35.7295
2.44444	0.944444	35.2611
2.5	0.944444	34.7193
2.55556	0.944444	34.0906
2.61111	0.944444	33.361
2.66667	0.944444	32.5158
2.72222	0.944444	31.5404
2.77778	0.944444	30.42
2.83333	0.944444	29.1407
2.88889	0.944444	27.6893
2.94444	0.944444	26.0545
3	0.944444	24.2275
3.05556	0.944444	22.2031
3.11111	0.944444	19.9802
3.16667	0.944444	17.563
3.22222	0.944444	14.9618
3.27778	0.944444	12.1934
3.33333	0.944444	9.28095
3.38889	0.944444	6.25401
3.44444	0.944444	3.14745
3.5	0.944444	0

0	1	200
0.0555556	1	189.651
0.111111	1	179.365
0.166667	1	169.204
0.222222	1	159.226
0.277778	1	149.486
0.333333	1	140.036
0.388889	1	130.922
0.444444	1	122.185
0.5	1	113.858
0.555556	1	105.97
0.611111	1	98.5415
0.666667	1	91.5888
0.722222	1	85.12
0.777778	1	79.1372
0.833333	1	73.6369
0.888889	1	68.6107
0.944444	1	64.0449
1	1	59.9218
1.05556	1	56.2206
1.11111	1	52.9178
1.16667	1	49.9878
1.22222	1	47.4037
1.27778	1	45.1379
1.33333	1	43.1625
1.38889	1	41.4498
1.44444	1	39.9728
1.5	1	38.7054
1.55556	1	37.6229
1.61111	1	36.702
1.66667	1	35.9204
1.72222	1	35.2582
1.77778	1	34.6962
1.83333	1	34.2173
1.88889	1	33.8056
1.94444	1	33.4463
2	1	33.1259
2.05556	1	32.8317
2.11111	1	32.5516
2.16667	1	32.2743
2.22222	1	31.9888
2.27778	1	31.684
2.33333	1	31.349
2.38889	1	30.9729
2.44444	1	30.5443
2.5	1	30.0516
2.55556	1	29.4829
2.61111	1	28.8261
2.66667	1	28.0688
2.72222	1	27.1986
2.77778	1	26.2034
2.83333	1	25.0718
2.88889	1	23.7935
2.94444	1	22.3599
3	1	20.7648
3.05556	1	19.0046
3.11111	1	17.0799
3.16667	1	14.9952
3.22222	1	12.7598
3.27778	1	10.3885
3.33333	1	7.90066
3.38889	1	5.32064
3.44444	1	2.67669
3.5	1	0

0	1.05556	200
0.0555556	1.05556	189.378
0.111111	1.05556	178.82
0.166667	1.05556	168.391
0.222222	1.05556	158.149
0.277778	1.05556	148.152
0.333333	1.05556	138.452
0.388889	1.05556	129.097
0.444444	1.05556	120.129
0.5	1.05556	111.582
0.555556	1.05556	103.485
0.611111	1.05556	95.8605
0.666667	1.05556	88.724
0.722222	1.05556	82.0841
0.777778	1.05556	75.9433
0.833333	1.05556	70.2979
0.888889	1.05556	65.1389
0.944444	1.05556	60.4525
1	1.05556	56.2206
1.05556	1.05556	52.4217
1.11111	1.05556	49.0318
1.16667	1.05556	46.0247
1.22222	1.05556	43.3726
1.27778	1.05556	41.0473
1.33333	1.05556	39.0203
1.38889	1.05556	37.2629
1.44444	1.05556	35.7478
1.5	1.05556	34.448
1.55556	1.05556	33.3384
1.61111	1.05556	32.3947
1.66667	1.05556	31.595
1.72222	1.05556	30.918
1.77778	1.05556	30.3449
1.83333	1.05556	29.858
1.88889	1.05556	29.4413
1.94444	1.05556	29.08
2	1.05556	28.7606
2.05556	1.05556	28.4703
2.11111	1.05556	28.1976
2.16667	1.05556	27.9313
2.22222	1.05556	27.6609
2.27778	1.05556	27.3759
2.33333	1.05556	27.0663
2.38889	1.05556	26.722
2.44444	1.05556	26.3327
2.5	1.05556	25.8881
2.55556	1.05556	25.3779
2.61111	1.05556	24.7915
2.66667	1.05556	24.1184
2.72222	1.05556	23.3482
2.77778	1.05556	22.471
2.83333	1.05556	21.4775
2.88889	1.05556	20.3597
2.94444	1.05556	19.1111
3	1.05556	17.727
3.05556	1.05556	16.2056
3.11111	1.05556	14.548
3.16667	1.05556	12.7587
3.22222	1.05556	10.8462
3.27778	1.05556	8.82294
3.33333	1.05556	6.70534
3.38889	1.05556	4.51331
3.44444	1.05556	2.26982
3.5	1.05556	0

0	1.11111	200
0.0555556	1.11111	189.134
0.111111	1.11111	178.334
0.166667	1.11111	167.664
0.222222	1.11111	157.188
0.277778	1.11111	146.962
0.333333	1.11111	137.039
0.388889	1.11111	127.469
0.444444	1.11111	118.294
0.5	1.11111	109.55
0.555556	1.11111	101.267
0.611111	1.11111	93.4677
0.666667	1.11111	86.1672
0.722222	1.11111	79.375
0.777778	1.11111	73.093
0.833333	1.11111	67.3181
0.888889	1.11111	62.0408
0.944444	1.11111	57.2468
1	1.11111	52.9178
1.05556	1.11111	49.0318
1.11111	1.11111	45.5642
1.16667	1.11111	42.4883
1.22222	1.11111	39.7757
1.27778	1.11111	37.3976
1.33333	1.11111	35.3246
1.38889	1.11111	33.5276
1.44444	1.11111	31.9785
1.5	1.11111	30.6499
1.55556	1.11111	29.5161
1.61111	1.11111	28.5526
1.66667	1.11111	27.7365
1.72222	1.11111	27.0468
1.77778	1.11111	26.4641
1.83333	1.11111	25.9704
1.88889	1.11111	25.5498
1.94444	1.11111	25.1873
2	1.11111	24.8695
2.05556	1.11111	24.5839
2.11111	1.11111	24.3188
2.16667	1.11111	24.0638
2.22222	1.11111	23.8084
2.27778	1.11111	23.5431
2.33333	1.11111	23.2584
2.38889	1.11111	22.9451
2.44444	1.11111	22.5938
2.5	1.11111	22.1956
2.55556	1.11111	21.7411
2.61111	1.11111	21.2215
2.66667	1.11111	20.6277
2.72222	1.11111	19.9511
2.77778	1.11111	19.1835
2.83333	1.11111	18.3175
2.88889	1.11111	17.3466
2.94444	1.11111	16.266
3	1.11111	15.0723
3.05556	1.11111	13.7647
3.11111	1.11111	12.3445
3.16667	1.11111	10.8161
3.22222	1.11111	9.18705
3.27778	1.11111	7.46784
3.33333	1.11111	5.67206
3.38889	1.11111	3.81612
3.44444	1.11111	1.91867
3.5	1.11111	0

0	1.16667	200
0.0555556	1.16667	188.918
0.111111	1.16667	177.902
0.166667	1.16667	167.021
0.222222	1.16667	156.335
0.277778	1.16667	145.904
0.333333	1.16667	135.784
0.388889	1.16667	126.023
0.444444	1.16667	116.666
0.5	1.16667	107.748
0.555556	1.16667	99.2996
0.611111	1.16667	91.3446
0.666667	1.16667	83.8988
0.722222	1.16667	76.9712
0.777778	1.16667	70.5644
0.833333	1.16667	64.6746
0.888889	1.16667	59.2922
0.944444	1.16667	54.4029
1	1.16667	49.9878
1.05556	1.16667	46.0247
1.11111	1.16667	42.4883
1.16667	1.16667	39.3514
1.22222	1.16667	36.5852
1.27778	1.16667	34.1603
1.33333	1.16667	32.0465
1.38889	1.16667	30.2146
1.44444	1.16667	28.6354
1.5	1.16667	27.2814
1.55556	1.16667	26.1265
1.61111	1.16667	25.1454
1.66667	1.16667	24.3151
1.72222	1.16667	23.6143
1.77778	1.16667	23.0233
1.83333	1.16667	22.5242
1.88889	1.16667	22.1005
1.94444	1.16667	21.7376
2	1.16667	21.4219
2.05556	1.16667	21.1411
2.11111	1.16667	20.8839
2.16667	1.16667	20.6399
2.22222	1.16667	20.3994
2.27778	1.16667	20.1532
2.33333	1.16667	19.8924
2.38889	1.16667	19.6086
2.44444	1.16667	19.2936
2.5	1.16667	18.9391
2.55556	1.16667	18.5371
2.61111	1.16667	18.0798
2.66667	1.16667	17.5597
2.72222	1.16667	16.9695
2.77778	1.16667	16.3024
2.83333	1.16667	15.5525
2.88889	1.16667	14.7147
2.94444	1.16667	13.7852
3	1.16667	12.7617
3.05556	1.16667	11.6439
3.11111	1.16667	10.4334
3.16667	1.16667	9.13423
3.22222	1.16667	7.75277
3.27778	1.16667	6.29794
3.33333	1.16667	4.781
3.38889	1.16667	3.21539
3.44444	1.16667	1.61625
3.5	1.16667	0

0	1.22222	200
0.0555556	1.22222	188.727
0.111111	1.22222	177.522
0.166667	1.22222	166.453
0.222222	1.22222	155.582
0.277778	1.22222	144.972
0.333333	1.22222	134.677
0.388889	1.22222	124.748
0.444444	1.22222	115.229
0.5	1.22222	106.158
0.555556	1.22222	97.5638
0.611111	1.22222	89.4717
0.666667	1.22222	81.8977
0.722222	1.22222	74.851
0.777778	1.22222	68.3339
0.833333	1.22222	62.3429
0.888889	1.22222	56.868
0.944444	1.22222	51.8946
1	1.22222	47.4037
1.05556	1.22222	43.3726
1.11111	1.22222	39.7757
1.16667	1.22222	36.5852
1.22222	1.22222	33.772
1.27778	1.22222	31.3057
1.33333	1.22222	29.1562
1.38889	1.22222	27.2934
1.44444	1.22222	25.6879
1.5	1.22222	24.3117
1.55556	1.22222	23.1379
1.61111	1.22222	22.1415
1.66667	1.22222	21.2989
1.72222	1.22222	20.5885
1.77778	1.22222	19.9906
1.83333	1.22222	19.4869
1.88889	1.22222	19.061
1.94444	1.22222	18.6983
2	1.22222	18.3852
2.05556	1.22222	18.1094
2.11111	1.22222	17.86
2.16667	1.22222	17.6269
2.22222	1.22222	17.4006
2.27778	1.22222	17.1724
2.33333	1.22222	16.9343
2.38889	1.22222	16.6785
2.44444	1.22222	16.3972
2.5	1.22222	16.0836
2.55556	1.22222	15.7301
2.61111	1.22222	15.3303
2.66667	1.22222	14.8777
2.72222	1.22222	14.3662
2.77778	1.22222	13.7902
2.83333	1.22222	13.145
2.88889	1.22222	12.4264
2.94444	1.22222	11.6316
3	1.22222	10.7591
3.05556	1.22222	9.80873
3.11111	1.22222	8.78221
3.16667	1.22222	7.68311
3.22222	1.22222	6.51689
3.27778	1.22222	5.29101
3.33333	1.22222	4.01479
3.38889	1.22222	2.69918
3.44444	1.22222	1.3565
3.5	1.22222	0

0	1.27778	200
0.0555556	1.27778	188.559
0.111111	1.27778	177.188
0.166667	1.27778	165.954
0.222222	1.27778	154.922
0.277778	1.27778	144.154
0.333333	1.27778	133.706
0.388889	1.27778	123.63
0.444444	1.27778	113.969
0.5	1.27778	104.762
0.555556	1.27778	96.0411
0.611111	1.27778	87.829
0.666667	1.27778	80.1425
0.722222	1.27778	72.9913
0.777778	1.27778	66.3777
0.833333	1.27778	60.298
0.888889	1.27778	54.7421
0.944444	1.27778	49.6952
1	1.27778	45.1379
1.05556	1.27778	41.0473
1.11111	1.27778	37.3976
1.16667	1.27778	34.1603
1.22222	1.27778	31.3057
1.27778	1.27778	28.8035
1.33333	1.27778	26.6228
1.38889	1.27778	24.7329
1.44444	1.27778	23.1044
1.5	1.27778	21.7087
1.55556	1.27778	20.5187
1.61111	1.27778	19.5089
1.66667	1.27778	18.6557
1.72222	1.27778	17.9372
1.77778	1.27778	17.3333
1.83333	1.27778	16.826
1.88889	1.27778	16.3986
1.94444	1.27778	16.0363
2	1.27778	15.7259
2.05556	1.27778	15.4552
2.11111	1.27778	15.2133
2.16667	1.27778	14.9906
2.22222	1.27778	14.7778
2.27778	1.27778	14.5668
2.33333	1.27778	14.3499
2.38889	1.27778	14.1199
2.44444	1.27778	13.8699
2.5	1.27778	13.5935
2.55556	1.27778	13.2845
2.61111	1.27778	12.9371
2.66667	1.27778	12.5456
2.72222	1.27778	12.1051
2.77778	1.27778	11.6109
2.83333	1.27778	11.059
2.88889	1.27778	10.4464
2.94444	1.27778	9.77081
3	1.27778	9.03105
3.05556	1.27778	8.22731
3.11111	1.27778	7.36123
3.16667	1.27778	6.43583
3.22222	1.27778	5.4558
3.27778	1.27778	4.42735
3.33333	1.27778	3.35811
3.38889	1.27778	2.25703
3.44444	1.27778	1.13409
3.5	1.27778	0

0	1.33333	200
0.0555556	1.33333	188.412
0.111111	1.33333	176.896
0.166667	1.33333	165.519
0.222222	1.33333	154.346
0.277778	1.33333	143.439
0.333333	1.33333	132.858
0.388889	1.33333	122.653
0.444444	1.33333	112.869
0.5	1.33333	103.545
0.555556	1.33333	94.7126
0.611111	1.33333	86.3958
0.666667	1.33333	78.6115
0.722222	1.33333	71.3693
0.777778	1.33333	64.6716
0.833333	1.33333	58.5148
0.888889	1.33333	52.8884
0.944444	1.33333	47.7775
1	1.33333	43.1625
1.05556	1.33333	39.0203
1.11111	1.33333	35.3246
1.16667	1.33333	32.0465
1.22222	1.33333	29.1562
1.27778	1.33333	26.6228
1.33333	1.33333	24.4148
1.38889	1.33333	22.5016
1.44444	1.33333	20.8531
1.5	1.33333	19.4405
1.55556	1.33333	18.2365
1.61111	1.33333	17.2153
1.66667	1.33333	16.353
1.72222	1.33333	15.6275
1.77778	1.33333	15.0188
1.83333	1.33333	14.5085
1.88889	1.33333	14.0801
1.94444	1.33333	13.7187
2	1.33333	13.411
2.05556	1.33333	13.1452
2.11111	1.33333	12.9106
2.16667	1.33333	12.6975
2.22222	1.33333	12.4973
2.27778	1.33333	12.3021
2.33333	1.33333	12.1047
2.38889	1.33333	11.8984
2.44444	1.33333	11.6769
2.5	1.33333	11.4346
2.55556	1.33333	11.1657
2.61111	1.33333	10.8654
2.66667	1.33333	10.5288
2.72222	1.33333	10.1517
2.77778	1.33333	9.73008
2.83333	1.33333	9.26092
2.88889	1.33333	8.74166
2.94444	1.33333	8.17056
3	1.33333	7.54676
3.05556	1.33333	6.87058
3.11111	1.33333	6.14348
3.16667	1.33333	5.3681
3.22222	1.33333	4.54833
3.27778	1.33333	3.68934
3.33333	1.33333	2.79735
3.38889	1.33333	1.87966
3.44444	1.33333	0.944321
3.5	1.33333	0

0	1.38889	200
0.0555556	1.38889	188.285
0.111111	1.38889	176.643
0.166667	1.38889	165.14
0.222222	1.38889	153.845
0.277778	1.38889	142.819
0.333333	1.38889	132.122
0.388889	1.38889	121.806
0.444444	1.38889	111.914
0.5	1.38889	102.489
0.555556	1.38889	93.5595
0.611111	1.38889	85.1521
0.666667	1.38889	77.2831
0.722222	1.38889	69.9622
0.777778	1.38889	63.1919
0.833333	1.38889	56.9681
0.888889	1.38889	51.2807
0.944444	1.38889	46.1145
1	1.38889	41.4498
1.05556	1.38889	37.2629
1.11111	1.38889	33.5276
1.16667	1.38889	30.2146
1.22222	1.38889	27.2934
1.27778	1.38889	24.7329
1.33333	1.38889	22.5016
1.38889	1.38889	20.5682
1.44444	1.38889	18.9026
1.5	1.38889	17.4756
1.55556	1.38889	16.2596
1.61111	1.38889	15.2287
1.66667	1.38889	14.3587
1.72222	1.38889	13.6275
1.77778	1.38889	13.0148
1.83333	1.38889	12.5021
1.88889	1.38889	12.0731
1.94444	1.38889	11.7127
2	1.38889	11.4079
2.05556	1.38889	11.1468
2.11111	1.38889	10.9188
2.16667	1.38889	10.7147
2.22222	1.38889	10.526
2.27778	1.38889	10.3453
2.33333	1.38889	10.1656
2.38889	1.38889	9.9807
2.44444	1.38889	9.78497
2.5	1.38889	9.57311
2.55556	1.38889	9.34024
2.61111	1.38889	9.08192
2.66667	1.38889	8.79404
2.72222	1.38889	8.47295
2.77778	1.38889	8.11538
2.83333	1.38889	7.71882
2.88889	1.38889	7.28113
2.94444	1.38889	6.80096
3	1.38889	6.27778
3.05556	1.38889	5.71189
3.11111	1.38889	5.10453
3.16667	1.38889	4.45798
3.22222	1.38889	3.77546
3.27778	1.38889	3.06123
3.33333	1.38889	2.32037
3.38889	1.38889	1.5588
3.44444	1.38889	0.783017
3.5	1.38889	0

0	1.44444	200
0.0555556	1.44444	188.176
0.111111	1.44444	176.424
0.166667	1.44444	164.814
0.222222	1.44444	153.413
0.277778	1.44444	142.284
0.333333	1.44444	131.487
0.388889	1.44444	121.073
0.444444	1.44444	111.09
0.5	1.44444	101.576
0.555556	1.44444	92.5639
0.611111	1.44444	84.0781
0.666667	1.44444	76.1362
0.722222	1.44444	68.7473
0.777778	1.44444	61.9146
0.833333	1.44444	55.6334
0.888889	1.44444	49.8937
0.944444	1.44444	44.6801
1	1.44444	39.9728
1.05556	1.44444	35.7478
1.11111	1.44444	31.9785
1.16667	1.44444	28.6354
1.22222	1.44444	25.6879
1.27778	1.44444	23.1044
1.33333	1.44444	20.8531
1.38889	1.44444	18.9026
1.44444	1.44444	17.2224
1.5	1.44444	15.7831
1.55556	1.44444	14.557
1.61111	1.44444	13.518
1.66667	1.44444	12.6416
1.72222	1.44444	11.9056
1.77778	1.44444	11.2897
1.83333	1.44444	10.7753
1.88889	1.44444	10.3459
1.94444	1.44444	9.98677
2	1.44444	9.68465
2.05556	1.44444	9.4279
2.11111	1.44444	9.20615
2.16667	1.44444	9.01023
2.22222	1.44444	8.832
2.27778	1.44444	8.66424
2.33333	1.44444	8.50044
2.38889	1.44444	8.33477
2.44444	1.44444	8.16197
2.5	1.44444	7.97723
2.55556	1.44444	7.77623
2.61111	1.44444	7.55499
2.66667	1.44444	7.30995
2.72222	1.44444	7.03801
2.77778	1.44444	6.73644
2.83333	1.44444	6.40302
2.88889	1.44444	6.03612
2.94444	1.44444	5.6346
3	1.44444	5.19809
3.05556	1.44444	4.72692
3.11111	1.44444	4.22212
3.16667	1.44444	3.68562
3.22222	1.44444	3.12007
3.27778	1.44444	2.52893
3.33333	1.44444	1.91637
3.38889	1.44444	1.28713
3.44444	1.44444	0.646472
3.5	1.44444	0

0	1.5	200
0.0555556	1.5	188.082
0.111111	1.5	176.235
0.166667	1.5	164.532
0.222222	1.5	153.04
0.277778	1.5	141.823
0.333333	1.5	130.939
0.388889	1.5	120.443
0.444444	1.5	110.38
0.5	1.5	100.791
0.555556	1.5	91.7072
0.611111	1.5	83.1548
0.666667	1.5	75.1504
0.722222	1.5	67.7036
0.777778	1.5	60.8175
0.833333	1.5	54.4873
0.888889	1.5	48.703
0.944444	1.5	43.4491
1	1.5	38.7054
1.05556	1.5	34.448
1.11111	1.5	30.6499
1.16667	1.5	27.2814
1.22222	1.5	24.3117
1.27778	1.5	21.7087
1.33333	1.5	19.4405
1.38889	1.5	17.4756
1.44444	1.5	15.7831
1.5	1.5	14.3337
1.55556	1.5	13.0992
1.61111	1.5	12.0533
1.66667	1.5	11.1717
1.72222	1.5	10.4318
1.77778	1.5	9.8133
1.83333	1.5	9.29763
1.88889	1.5	8.86825
1.94444	1.5	8.51036
2	1.5	8.21087
2.05556	1.5	7.95817
2.11111	1.5	7.74205
2.16667	1.5	7.55353
2.22222	1.5	7.38469
2.27778	1.5	7.22854
2.33333	1.5	7.07889
2.38889	1.5	6.93024
2.44444	1.5	6.77769
2.5	1.5	6.61686
2.55556	1.5	6.44379
2.61111	1.5	6.255
2.66667	1.5	6.04735
2.72222	1.5	5.81813
2.77778	1.5	5.56504
2.83333	1.5	5.2862
2.88889	1.5	4.98023
2.94444	1.5	4.64626
3	1.5	4.28397
3.05556	1.5	3.89364
3.11111	1.5	3.4762
3.16667	1.5	3.03318
3.22222	1.5	2.56679
3.27778	1.5	2.07984
3.33333	1.5	1.57565
3.38889	1.5	1.05809
3.44444	1.5	0.531376
3.5	1.5	0

0	1.55556	200
0.0555556	1.55556	188
0.111111	1.55556	176.074
0.166667	1.55556	164.291
0.222222	1.55556	152.72
0.277778	1.55556	141.426
0.333333	1.55556	130.469
0.388889	1.55556	119.902
0.444444	1.55556	109.771
0.5	1.55556	100.117
0.555556	1.55556	90.9731
0.611111	1.55556	82.3635
0.666667	1.55556	74.306
0.722222	1.55556	66.8102
0.777778	1.55556	59.8786
0.833333	1.55556	53.507
0.888889	1.55556	47.6851
0.944444	1.55556	42.3972
1	1.55556	37.6229
1.05556	1.55556	33.3384
1.11111	1.55556	29.5161
1.16667	1.55556	26.1265
1.22222	1.55556	23.1379
1.27778	1.55556	20.5187
1.33333	1.55556	18.2365
1.38889	1.55556	16.2596
1.44444	1.55556	14.557
1.5	1.55556	13.0992
1.55556	1.55556	11.8578
1.61111	1.55556	10.8064
1.66667	1.55556	9.92049
1.72222	1.55556	9.17756
1.77778	1.55556	8.55708
1.83333	1.55556	8.04053
1.88889	1.55556	7.61135
1.94444	1.55556	7.25478
2	1.55556	6.95775
2.05556	1.55556	6.70878
2.11111	1.55556	6.49776
2.16667	1.55556	6.31587
2.22222	1.55556	6.15536
2.27778	1.55556	6.00949
2.33333	1.55556	5.8723
2.38889	1.55556	5.7386
2.44444	1.55556	5.60379
2.5	1.55556	5.4638
2.55556	1.55556	5.31506
2.61111	1.55556	5.15441
2.66667	1.55556	4.97908
2.72222	1.55556	4.7867
2.77778	1.55556	4.5753
2.83333	1.55556	4.34326
2.88889	1.55556	4.08942
2.94444	1.55556	3.81305
3	1.55556	3.51389
3.05556	1.55556	3.19219
3.11111	1.55556	2.8487
3.16667	1.55556	2.48468
3.22222	1.55556	2.1019
3.27778	1.55556	1.70264
3.33333	1.55556	1.2896
3.38889	1.55556	0.865854
3.44444	1.55556	0.43479
3.5	1.55556	0

0	1.61111	200
0.0555556	1.61111	187.93
0.111111	1.61111	175.933
0.166667	1.61111	164.082
0.222222	1.61111	152.445
0.277778	1.61111	141.086
0.333333	1.61111	130.065
0.388889	1.61111	119.438
0.444444	1.61111	109.249
0.5	1.61111	99.5407
0.555556	1.61111	90.3449
0.611111	1.61111	81.6869
0.666667	1.61111	73.5844
0.722222	1.61111	66.0472
0.777778	1.61111	59.0776
0.833333	1.61111	52.6712
0.888889	1.61111	46.8177
0.944444	1.61111	41.5015
1	1.61111	36.702
1.05556	1.61111	32.3947
1.11111	1.61111	28.5526
1.16667	1.61111	25.1454
1.22222	1.61111	22.1415
1.27778	1.61111	19.5089
1.33333	1.61111	17.2153
1.38889	1.61111	15.2287
1.44444	1.61111	13.518
1.5	1.61111	12.0533
1.55556	1.61111	10.8064
1.61111	1.61111	9.75063
1.66667	1.61111	8.8614
1.72222	1.61111	8.11611
1.77778	1.61111	7.4942
1.83333	1.61111	6.97715
1.88889	1.61111	6.54837
1.94444	1.61111	6.19313
2	1.61111	5.89843
2.05556	1.61111	5.65285
2.11111	1.61111	5.4464
2.16667	1.61111	5.27039
2.22222	1.61111	5.11724
2.27778	1.61111	4.98037
2.33333	1.61111	4.85409
2.38889	1.61111	4.73339
2.44444	1.61111	4.61396
2.5	1.61111	4.49203
2.55556	1.61111	4.36427
2.61111	1.61111	4.22783
2.66667	1.61111	4.08025
2.72222	1.61111	3.91941
2.77778	1.61111	3.74358
2.83333	1.61111	3.55139
2.88889	1.61111	3.34183
2.94444	1.61111	3.11427
3	1.61111	2.8685
3.05556	1.61111	2.60468
3.11111	1.61111	2.32344
3.16667	1.61111	2.02579
3.22222	1.61111	1.71316
3.27778	1.61111	1.38737
3.33333	1.61111	1.05059
3.38889	1.61111	0.70527
3.44444	1.61111	0.35412
3.5	1.61111	0

0	1.66667	200
0.0555556	1.66667	187.869
0.111111	1.66667	175.813
0.166667	1.66667	163.904
0.222222	1.66667	152.209
0.277778	1.66667	140.794
0.333333	1.66667	129.719
0.388889	1.66667	119.04
0.444444	1.66667	108.802
0.5	1.66667	99.0469
0.555556	1.66667	89.8073
0.611111	1.66667	81.1087
0.666667	1.66667	72.9683
0.722222	1.66667	65.3965
0.777778	1.66667	58.3951
0.833333	1.66667	51.9599
0.888889	1.66667	46.0804
0.944444	1.66667	40.7407
1	1.66667	35.9204
1.05556	1.66667	31.595
1.11111	1.66667	27.7365
1.16667	1.66667	24.3151
1.22222	1.66667	21.2989
1.27778	1.66667	18.6557
1.33333	1.66667	16.353
1.38889	1.66667	14.3587
1.44444	1.66667	12.6416
1.5	1.66667	11.1717
1.55556	1.66667	9.92049
1.61111	1.66667	8.8614
1.66667	1.66667	7.96969
1.72222	1.66667	7.22271
1.77778	1.66667	6.59989
1.83333	1.66667	6.08266
1.88889	1.66667	5.65446
1.94444	1.66667	5.30057
2	1.66667	5.00805
2.05556	1.66667	4.76555
2.11111	1.66667	4.56317
2.16667	1.66667	4.39234
2.22222	1.66667	4.24563
2.27778	1.66667	4.11661
2.33333	1.66667	3.99976
2.38889	1.66667	3.89031
2.44444	1.66667	3.78413
2.5	1.66667	3.67767
2.55556	1.66667	3.56788
2.61111	1.66667	3.45213
2.66667	1.66667	3.32817
2.72222	1.66667	3.19413
2.77778	1.66667	3.04848
2.83333	1.66667	2.88999
2.88889	1.66667	2.71779
2.94444	1.66667	2.53133
3	1.66667	2.33039
3.05556	1.66667	2.11512
3.11111	1.66667	1.88598
3.16667	1.66667	1.6438
3.22222	1.66667	1.3897
3.27778	1.66667	1.12514
3.33333	1.66667	0.851844
3.38889	1.66667	0.57177
3.44444	1.66667	0.287065
3.5	1.66667	0

0	1.72222	200
0.0555556	1.72222	187.817
0.111111	1.72222	175.71
0.166667	1.72222	163.749
0.222222	1.72222	152.005
0.277778	1.72222	140.541
0.333333	1.72222	129.42
0.388889	1.72222	118.697
0.444444	1.72222	108.417
0.5	1.72222	98.6222
0.555556	1.72222	89.3459
0.611111	1.72222	80.6133
0.666667	1.72222	72.4415
0.722222	1.72222	64.8406
0.777778	1.72222	57.8131
0.833333	1.72222	51.3542
0.888889	1.72222	45.4535
0.944444	1.72222	40.095
1	1.72222	35.2582
1.05556	1.72222	30.918
1.11111	1.72222	27.0468
1.16667	1.72222	23.6143
1.22222	1.72222	20.5885
1.27778	1.72222	17.9372
1.33333	1.72222	15.6275
1.38889	1.72222	13.6275
1.44444	1.72222	11.9056
1.5	1.72222	10.4318
1.55556	1.72222	9.17756
1.61111	1.72222	8.11611
1.66667	1.72222	7.22271
1.72222	1.72222	6.47468
1.77778	1.72222	5.8514
1.83333	1.72222	5.33431
1.88889	1.72222	4.90685
1.94444	1.72222	4.55434
2	1.72222	4.26387
2.05556	1.72222	4.02416
2.11111	1.72222	3.8254
2.16667	1.72222	3.65912
2.22222	1.72222	3.51801
2.27778	1.72222	3.39578
2.33333	1.72222	3.28706
2.38889	1.72222	3.18724
2.44444	1.72222	3.09238
2.5	1.72222	2.99912
2.55556	1.72222	2.9046
2.61111	1.72222	2.80638
2.66667	1.72222	2.7024
2.72222	1.72222	2.59098
2.77778	1.72222	2.47072
2.83333	1.72222	2.34054
2.88889	1.72222	2.19966
2.94444	1.72222	2.04758
3	1.72222	1.8841
3.05556	1.72222	1.7093
3.11111	1.72222	1.52353
3.16667	1.72222	1.32743
3.22222	1.72222	1.12191
3.27778	1.72222	0.908116
3.33333	1.72222	0.687407
3.38889	1.72222	0.461336
3.44444	1.72222	0.231601
3.5	1.72222	0

0	1.77778	200
0.0555556	1.77778	187.773
0.111111	1.77778	175.619
0.166667	1.77778	163.614
0.222222	1.77778	151.826
0.277778	1.77778	140.321
0.333333	1.77778	129.16
0.388889	1.77778	118.398
0.444444	1.77778	108.082
0.5	1.77778	98.2542
0.555556	1.77778	88.947
0.611111	1.77778	80.1858
0.666667	1.77778	71.9879
0.722222	1.77778	64.3634
0.777778	1.77778	57.3146
0.833333	1.77778	50.8368
0.888889	1.77778	44.9193
0.944444	1.77778	39.5461
1	1.77778	34.6962
1.05556	1.77778	30.3449
1.11111	1.77778	26.4641
1.16667	1.77778	23.0233
1.22222	1.77778	19.9906
1.27778	1.77778	17.3333
1.33333	1.77778	15.0188
1.38889	1.77778	13.0148
1.44444	1.77778	11.2897
1.5	1.77778	9.8133
1.55556	1.77778	8.55708
1.61111	1.77778	7.4942
1.66667	1.77778	6.59989
1.72222	1.77778	5.8514
1.77778	1.77778	5.22812
1.83333	1.77778	4.71147
1.88889	1.77778	4.28492
1.94444	1.77778	3.93381
2	1.77778	3.64529
2.05556	1.77778	3.40813
2.11111	1.77778	3.2126
2.16667	1.77778	3.05031
2.22222	1.77778	2.91405
2.27778	1.77778	2.79766
2.33333	1.77778	2.69589
2.38889	1.77778	2.60427
2.44444	1.77778	2.51902
2.5	1.77778	2.43693
2.55556	1.77778	2.35529
2.61111	1.77778	2.27183
2.66667	1.77778	2.18463
2.72222	1.77778	2.09216
2.77778	1.77778	1.99313
2.83333	1.77778	1.88658
2.88889	1.77778	1.77179
2.94444	1.77778	1.64831
3	1.77778	1.51592
3.05556	1.77778	1.37465
3.11111	1.77778	1.22477
3.16667	1.77778	1.06677
3.22222	1.77778	0.901353
3.27778	1.77778	0.729418
3.33333	1.77778	0.552041
3.38889	1.77778	0.370441
3.44444	1.77778	0.185955
3.5	1.77778	0

0	1.83333	200
0.0555556	1.83333	187.732
0.111111	1.83333	175.538
0.166667	1.83333	163.493
0.222222	1.83333	151.667
0.277778	1.83333	140.126
0.333333	1.83333	128.93
0.388889	1.83333	118.135
0.444444	1.83333	107.788
0.5	1.83333	97.9312
0.555556	1.83333	88.5975
0.611111	1.83333	79.8124
0.666667	1.83333	71.5932
0.722222	1.83333	63.9497
0.777778	1.83333	56.884
0.833333	1.83333	50.3913
0.888889	1.83333	44.461
0.944444	1.83333	39.0767
1	1.83333	34.2174
1.05556	1.83333	29.858
1.11111	1.83333	25.9704
1.16667	1.83333	22.5242
1.22222	1.83333	19.4869
1.27778	1.83333	16.826
1.33333	1.83333	14.5085
1.38889	1.83333	12.5021
1.44444	1.83333	10.7753
1.5	1.83333	9.29763
1.55556	1.83333	8.04053
1.61111	1.83333	6.97715
1.66667	1.83333	6.08266
1.72222	1.83333	5.33431
1.77778	1.83333	4.71147
1.83333	1.83333	4.19559
1.88889	1.83333	3.77014
1.94444	1.83333	3.4205
2	1.83333	3.13386
2.05556	1.83333	2.89904
2.11111	1.83333	2.70639
2.16667	1.83333	2.54759
2.22222	1.83333	2.41553
2.27778	1.83333	2.30415
2.33333	1.83333	2.20829
2.38889	1.83333	2.12362
2.44444	1.83333	2.04648
2.5	1.83333	1.97377
2.55556	1.83333	1.90293
2.61111	1.83333	1.83181
2.66667	1.83333	1.75862
2.72222	1.83333	1.68191
2.77778	1.83333	1.60053
2.83333	1.83333	1.51358
2.88889	1.83333	1.42039
2.94444	1.83333	1.32054
3	1.83333	1.2138
3.05556	1.83333	1.10016
3.11111	1.83333	0.979818
3.16667	1.83333	0.853126
3.22222	1.83333	0.720633
3.27778	1.83333	0.583037
3.33333	1.83333	0.441178
3.38889	1.83333	0.296011
3.44444	1.83333	0.148582
3.5	1.83333	0

0	1.88889	200
0.0555556	1.88889	187.695
0.111111	1.88889	175.465
0.166667	1.88889	163.384
0.222222	1.88889	151.522
0.277778	1.88889	139.948
0.333333	1.88889	128.721
0.388889	1.88889	117.896
0.444444	1.88889	107.522
0.5	1.88889	97.6408
0.555556	1.88889	88.2848
0.611111	1.88889	79.48
0.666667	1.88889	71.2435
0.722222	1.88889	63.585
0.777778	1.88889	56.5063
0.833333	1.88889	50.0026
0.888889	1.88889	44.0631
0.944444	1.88889	38.6711
1	1.88889	33.8056
1.05556	1.88889	29.4413
1.11111	1.88889	25.5498
1.16667	1.88889	22.1005
1.22222	1.88889	19.061
1.27778	1.88889	16.3986
1.33333	1.88889	14.0801
1.38889	1.88889	12.0731
1.44444	1.88889	10.3459
1.5	1.88889	8.86825
1.55556	1.88889	7.61135
1.61111	1.88889	6.54837
1.66667	1.88889	5.65446
1.72222	1.88889	4.90685
1.77778	1.88889	4.28492
1.83333	1.88889	3.77014
1.88889	1.88889	3.34599
1.94444	1.88889	2.99791
2	1.88889	2.71312
2.05556	1.88889	2.4805
2.11111	1.88889	2.29045
2.16667	1.88889	2.13473
2.22222	1.88889	2.00631
2.27778	1.88889	1.8992
2.33333	1.88889	1.80837
2.38889	1.88889	1.72956
2.44444	1.88889	1.65921
2.5	1.88889	1.59435
2.55556	1.88889	1.53251
2.61111	1.88889	1.47163
2.66667	1.88889	1.41005
2.72222	1.88889	1.34639
2.77778	1.88889	1.27958
2.83333	1.88889	1.20878
2.88889	1.88889	1.13336
2.94444	1.88889	1.05292
3	1.88889	0.967223
3.05556	1.88889	0.876227
3.11111	1.88889	0.780044
3.16667	1.88889	0.678942
3.22222	1.88889	0.573333
3.27778	1.88889	0.463755
3.33333	1.88889	0.350856
3.38889	1.88889	0.235379
3.44444	1.88889	0.118139
3.5	1.88889	0

0	1.94444	200
0.0555556	1.94444	187.659
0.111111	1.94444	175.394
0.166667	1.94444	163.279
0.222222	1.94444	151.385
0.277778	1.94444	139.779
0.333333	1.94444	128.524
0.388889	1.94444	117.673
0.444444	1.94444	107.275
0.5	1.94444	97.3723
0.555556	1.94444	87.9976
0.611111	1.94444	79.1762
0.666667	1.94444	70.926
0.722222	1.94444	63.2559
0.777778	1.94444	56.1677
0.833333	1.94444	49.6566
0.888889	1.94444	43.7112
0.944444	1.94444	38.3149
1	1.94444	33.4463
1.05556	1.94444	29.08
1.11111	1.94444	25.1873
1.16667	1.94444	21.7376
1.22222	1.94444	18.6983
1.27778	1.94444	16.0363
1.33333	1.94444	13.7187
1.38889	1.94444	11.7127
1.44444	1.94444	9.98677
1.5	1.94444	8.51036
1.55556	1.94444	7.25478
1.61111	1.94444	6.19313
1.66667	1.94444	5.30057
1.72222	1.94444	4.55434
1.77778	1.94444	3.93381
1.83333	1.94444	3.4205
1.88889	1.94444	2.99791
1.94444	1.94444	2.65152
2	1.94444	2.36859
2.05556	1.94444	2.13806
2.11111	1.94444	1.9504
2.16667	1.94444	1.79742
2.22222	1.94444	1.67216
2.27778	1.94444	1.56873
2.33333	1.94444	1.48216
2.38889	1.94444	1.40827
2.44444	1.94444	1.3436
2.5	1.94444	1.28527
2.55556	1.94444	1.23087
2.61111	1.94444	1.17847
2.66667	1.94444	1.12644
2.72222	1.94444	1.07352
2.77778	1.94444	1.01866
2.83333	1.94444	0.96108
2.88889	1.94444	0.900196
2.94444	1.94444	0.835604
3	1.94444	0.767071
3.05556	1.94444	0.694513
3.11111	1.94444	0.61799
3.16667	1.94444	0.537688
3.22222	1.94444	0.453911
3.27778	1.94444	0.367068
3.33333	1.94444	0.277656
3.38889	1.94444	0.186247
3.44444	1.94444	0.0934725
3.5	1.94444	0

0	2	200
0.0555556	2	187.623
0.111111	2	175.324
0.166667	2	163.177
0.222222	2	151.251
0.277778	2	139.615
0.333333	2	128.332
0.388889	2	117.456
0.444444	2	107.037
0.5	2	97.1148
0.555556	2	87.7235
0.611111	2	78.889
0.666667	2	70.6278
0.722222	2	62.9494
0.777778	2	55.8551
0.833333	2	49.3397
0.888889	2	43.3918
0.944444	2	37.9944
1	2	33.1259
1.05556	2	28.7606
1.11111	2	24.8695
1.16667	2	21.4219
1.22222	2	18.3852
1.27778	2	15.7259
1.33333	2	13.411
1.38889	2	11.4079
1.44444	2	9.68466
1.5	2	8.21087
1.55556	2	6.95776
1.61111	2	5.89843
1.66667	2	5.00805
1.72222	2	4.26387
1.77778	2	3.64529
1.83333	2	3.13386
1.88889	2	2.71312
1.94444	2	2.36859
2	2	2.08759
2.05556	2	1.85911
2.11111	2	1.67368
2.16667	2	1.52318
2.22222	2	1.40071
2.27778	2	1.30044
2.33333	2	1.21748
2.38889	2	1.14773
2.44444	2	1.08779
2.5	2	1.03486
2.55556	2	0.986612
2.61111	2	0.941161
2.66667	2	0.896972
2.72222	2	0.852811
2.77778	2	0.807704
2.83333	2	0.760897
2.88889	2	0.711829
2.94444	2	0.660106
3	2	0.605486
3.05556	2	0.547861
3.11111	2	0.487242
3.16667	2	0.423752
3.22222	2	0.357608
3.27778	2	0.289114
3.33333	2	0.218647
3.38889	2	0.146646
3.44444	2	0.0735915
3.5	2	0

0	2.05556	200
0.0555556	2.05556	187.586
0.111111	2.05556	175.252
0.166667	2.05556	163.07
0.222222	2.05556	151.112
0.277778	2.05556	139.447
0.333333	2.05556	128.136
0.388889	2.05556	117.237
0.444444	2.05556	106.796
0.5	2.05556	96.8566
0.555556	2.05556	87.4515
0.611111	2.05556	78.6057
0.666667	2.05556	70.3365
0.722222	2.05556	62.6528
0.777778	2.05556	55.5555
0.833333	2.05556	49.0392
0.888889	2.05556	43.0921
0.944444	2.05556	37.6969
1	2.05556	32.8317
1.05556	2.05556	28.4703
1.11111	2.05556	24.5839
1.16667	2.05556	21.1411
1.22222	2.05556	18.1094
1.27778	2.05556	15.4552
1.33333	2.05556	13.1452
1.38889	2.05556	11.1468
1.44444	2.05556	9.4279
1.5	2.05556	7.95817
1.55556	2.05556	6.70878
1.61111	2.05556	5.65285
1.66667	2.05556	4.76555
1.72222	2.05556	4.02416
1.77778	2.05556	3.40813
1.83333	2.05556	2.89904
1.88889	2.05556	2.4805
1.94444	2.05556	2.13806
2	2.05556	1.85911
2.05556	2.05556	1.63271
2.11111	2.05556	1.44942
2.16667	2.05556	1.30121
2.22222	2.05556	1.18122
2.27778	2.05556	1.0837
2.33333	2.05556	1.00382
2.38889	2.05556	0.937554
2.44444	2.05556	0.881559
2.5	2.05556	0.833088
2.55556	2.05556	0.78989
2.61111	2.05556	0.75013
2.66667	2.05556	0.712326
2.72222	2.05556	0.675292
2.77778	2.05556	0.638094
2.83333	2.05556	0.600007
2.88889	2.05556	0.560489
2.94444	2.05556	0.519153
3	2.05556	0.47575
3.05556	2.05556	0.43015
3.11111	2.05556	0.382326
3.16667	2.05556	0.332348
3.22222	2.05556	0.280366
3.27778	2.05556	0.226601
3.33333	2.05556	0.171334
3.38889	2.05556	0.114896
3.44444	2.05556	0.0576535
3.5	2.05556	0

0	2.11111	200
0.0555556	2.11111	187.548
0.111111	2.11111	175.175
0.166667	2.11111	162.955
0.222222	2.11111	150.964
0.277778	2.11111	139.266
0.333333	2.11111	127.928
0.388889	2.11111	117.004
0.444444	2.11111	106.543
0.5	2.11111	96.5866
0.555556	2.11111	87.1689
0.611111	2.11111	78.3144
0.666667	2.11111	70.0397
0.722222	2.11111	62.3534
0.777778	2.11111	55.2564
0.833333	2.11111	48.7425
0.888889	2.11111	42.7997
0.944444	2.11111	37.4101
1	2.11111	32.5516
1.05556	2.11111	28.1976
1.11111	2.11111	24.3188
1.16667	2.11111	20.8839
1.22222	2.11111	17.86
1.27778	2.11111	15.2133
1.33333	2.11111	12.9106
1.38889	2.11111	10.9188
1.44444	2.11111	9.20615
1.5	2.11111	7.74205
1.55556	2.11111	6.49776
1.61111	2.11111	5.4464
1.66667	2.11111	4.56317
1.72222	2.11111	3.8254
1.77778	2.11111	3.2126
1.83333	2.11111	2.70639
1.88889	2.11111	2.29045
1.94444	2.11111	1.9504
2	2.11111	1.67368
2.05556	2.11111	1.44942
2.11111	2.11111	1.26826
2.16667	2.11111	1.12221
2.22222	2.11111	1.00449
2.27778	2.11111	0.909402
2.33333	2.11111	0.832181
2.38889	2.11111	0.768856
2.44444	2.11111	0.716148
2.5	2.11111	0.671364
2.55556	2.11111	0.632303
2.61111	2.11111	0.59718
2.66667	2.11111	0.564559
2.72222	2.11111	0.533291
2.77778	2.11111	0.502474
2.83333	2.11111	0.471408
2.88889	2.11111	0.439566
2.94444	2.11111	0.406568
3	2.11111	0.372156
3.05556	2.11111	0.336184
3.11111	2.11111	0.298596
3.16667	2.11111	0.259419
3.22222	2.11111	0.218749
3.27778	2.11111	0.176741
3.33333	2.11111	0.133602
3.38889	2.11111	0.089578
3.44444	2.11111	0.044945
3.5	2.11111	0

0	2.16667	200
0.0555556	2.16667	187.505
0.111111	2.16667	175.087
0.166667	2.16667	162.827
0.222222	2.16667	150.796
0.277778	2.16667	139.065
0.333333	2.16667	127.696
0.388889	2.16667	116.746
0.444444	2.16667	106.265
0.5	2.16667	96.2925
0.555556	2.16667	86.8634
0.611111	2.16667	78.002
0.666667	2.16667	69.7243
0.722222	2.16667	62.0386
0.777778	2.16667	54.9451
0.833333	2.16667	48.4373
0.888889	2.16667	42.5025
0.944444	2.16667	37.1224
1	2.16667	32.2743
1.05556	2.16667	27.9313
1.11111	2.16667	24.0638
1.16667	2.16667	20.6399
1.22222	2.16667	17.6269
1.27778	2.16667	14.9906
1.33333	2.16667	12.6975
1.38889	2.16667	10.7147
1.44444	2.16667	9.01023
1.5	2.16667	7.55353
1.55556	2.16667	6.31587
1.61111	2.16667	5.27039
1.66667	2.16667	4.39234
1.72222	2.16667	3.65912
1.77778	2.16667	3.05031
1.83333	2.16667	2.54759
1.88889	2.16667	2.13473
1.94444	2.16667	1.79742
2	2.16667	1.52318
2.05556	2.16667	1.30121
2.11111	2.16667	1.12221
2.16667	2.16667	0.97826
2.22222	2.16667	0.862662
2.27778	2.16667	0.769773
2.33333	2.16667	0.694879
2.38889	2.16667	0.63407
2.44444	2.16667	0.584122
2.5	2.16667	0.542389
2.55556	2.16667	0.506718
2.61111	2.16667	0.475367
2.66667	2.16667	0.446937
2.72222	2.16667	0.420314
2.77778	2.16667	0.394622
2.83333	2.16667	0.36918
2.88889	2.16667	0.343476
2.94444	2.16667	0.317132
3	2.16667	0.289888
3.05556	2.16667	0.261583
3.11111	2.16667	0.232138
3.16667	2.16667	0.201546
3.22222	2.16667	0.169862
3.27778	2.16667	0.137189
3.33333	2.16667	0.103675
3.38889	2.16667	0.0694987
3.44444	2.16667	0.0348665
3.5	2.16667	0

0	2.22222	200
0.0555556	2.22222	187.453
0.111111	2.22222	174.986
0.166667	2.22222	162.678
0.222222	2.22222	150.604
0.277778	2.22222	138.834
0.333333	2.22222	127.431
0.388889	2.22222	116.453
0.444444	2.22222	105.949
0.5	2.22222	95.9609
0.555556	2.22222	86.5214
0.611111	2.22222	77.6548
0.666667	2.22222	69.3768
0.722222	2.22222	61.695
0.777778	2.22222	54.6088
0.833333	2.22222	48.1111
0.888889	2.22222	42.1886
0.944444	2.22222	36.8223
1	2.22222	31.9888
1.05556	2.22222	27.6609
1.11111	2.22222	23.8084
1.16667	2.22222	20.3994
1.22222	2.22222	17.4006
1.27778	2.22222	14.7778
1.33333	2.22222	12.4973
1.38889	2.22222	10.526
1.44444	2.22222	8.832
1.5	2.22222	7.38469
1.55556	2.22222	6.15536
1.61111	2.22222	5.11724
1.66667	2.22222	4.24563
1.72222	2.22222	3.51801
1.77778	2.22222	2.91405
1.83333	2.22222	2.41553
1.88889	2.22222	2.00631
1.94444	2.22222	1.67216
2	2.22222	1.40071
2.05556	2.22222	1.18122
2.11111	2.22222	1.00449
2.16667	2.22222	0.862663
2.22222	2.22222	0.74911
2.27778	2.22222	0.658253
2.33333	2.22222	0.58544
2.38889	2.22222	0.526816
2.44444	2.22222	0.479206
2.5	2.22222	0.440013
2.55556	2.22222	0.407128
2.61111	2.22222	0.378845
2.66667	2.22222	0.353799
2.72222	2.22222	0.330906
2.77778	2.22222	0.309311
2.83333	2.22222	0.288355
2.88889	2.22222	0.267533
2.94444	2.22222	0.246473
3	2.22222	0.224913
3.05556	2.22222	0.20268
3.11111	2.22222	0.179677
3.16667	2.22222	0.155873
3.22222	2.22222	0.131287
3.27778	2.22222	0.105985
3.33333	2.22222	0.0800663
3.38889	2.22222	0.0536605
3.44444	2.22222	0.0269172
3.5	2.22222	0

0	2.27778	200
0.0555556	2.27778	187.392
0.111111	2.27778	174.867
0.166667	2.27778	162.503
0.222222	2.27778	150.377
0.277778	2.27778	138.561
0.333333	2.27778	127.119
0.388889	2.27778	116.11
0.444444	2.27778	105.582
0.5	2.27778	95.5773
0.555556	2.27778	86.1284
0.611111	2.27778	77.2586
0.666667	2.27778	68.9831
0.722222	2.27778	61.3088
0.777778	2.27778	54.234
0.833333	2.27778	47.751
0.888889	2.27778	41.8455
0.944444	2.27778	36.4979
1	2.27778	31.684
1.05556	2.27778	27.3759
1.11111	2.27778	23.5431
1.16667	2.27778	20.1532
1.22222	2.27778	17.1724
1.27778	2.27778	14.5668
1.33333	2.27778	12.3021
1.38889	2.27778	10.3453
1.44444	2.27778	8.66424
1.5	2.27778	7.22854
1.55556	2.27778	6.00949
1.61111	2.27778	4.98037
1.66667	2.27778	4.11661
1.72222	2.27778	3.39578
1.77778	2.27778	2.79766
1.83333	2.27778	2.30415
1.88889	2.27778	1.8992
1.94444	2.27778	1.56873
2	2.27778	1.30044
2.05556	2.27778	1.0837
2.11111	2.27778	0.909402
2.16667	2.27778	0.769773
2.22222	2.27778	0.658253
2.27778	2.27778	0.569337
2.33333	2.27778	0.498434
2.38889	2.27778	0.441746
2.44444	2.27778	0.396149
2.5	2.27778	0.359094
2.55556	2.27778	0.328509
2.61111	2.27778	0.302728
2.66667	2.27778	0.280414
2.72222	2.27778	0.26051
2.77778	2.27778	0.242184
2.83333	2.27778	0.22479
2.88889	2.27778	0.207834
2.94444	2.27778	0.190951
3	2.27778	0.173874
3.05556	2.27778	0.156424
3.11111	2.27778	0.138491
3.16667	2.27778	0.120023
3.22222	2.27778	0.101015
3.27778	2.27778	0.0815004
3.33333	2.27778	0.0615442
3.38889	2.27778	0.0412355
3.44444	2.27778	0.0206813
3.5	2.27778	0

0	2.33333	200
0.0555556	2.33333	187.318
0.111111	2.33333	174.721
0.166667	2.33333	162.29
0.222222	2.33333	150.103
0.277778	2.33333	138.234
0.333333	2.33333	126.748
0.388889	2.33333	115.702
0.444444	2.33333	105.148
0.5	2.33333	95.1257
0.555556	2.33333	85.6679
0.611111	2.33333	76.797
0.666667	2.33333	68.5274
0.722222	2.33333	60.8648
0.777778	2.33333	53.8065
0.833333	2.33333	47.3436
0.888889	2.33333	41.4609
0.944444	2.33333	36.1377
1	2.33333	31.349
1.05556	2.33333	27.0663
1.11111	2.33333	23.2584
1.16667	2.33333	19.8924
1.22222	2.33333	16.9343
1.27778	2.33333	14.3499
1.33333	2.33333	12.1047
1.38889	2.33333	10.1656
1.44444	2.33333	8.50044
1.5	2.33333	7.07889
1.55556	2.33333	5.8723
1.61111	2.33333	4.85409
1.66667	2.33333	3.99976
1.72222	2.33333	3.28706
1.77778	2.33333	2.69589
1.83333	2.33333	2.20829
1.88889	2.33333	1.80837
1.94444	2.33333	1.48216
2	2.33333	1.21748
2.05556	2.33333	1.00382
2.11111	2.33333	0.832181
2.16667	2.33333	0.694879
2.22222	2.33333	0.58544
2.27778	2.33333	0.498434
2.33333	2.33333	0.429337
2.38889	2.33333	0.374411
2.44444	2.33333	0.330586
2.5	2.33333	0.295357
2.55556	2.33333	0.266694
2.61111	2.33333	0.242964
2.66667	2.33333	0.222862
2.72222	2.33333	0.205355
2.77778	2.33333	0.18963
2.83333	2.33333	0.175057
2.88889	2.33333	0.161152
2.94444	2.33333	0.147554
3	2.33333	0.133997
3.05556	2.33333	0.120296
3.11111	2.33333	0.106332
3.16667	2.33333	0.0920373
3.22222	2.33333	0.0773877
3.27778	2.33333	0.0623933
3.33333	2.33333	0.0470917
3.38889	2.33333	0.0315414
3.44444	2.33333	0.0158162
3.5	2.33333	0

0	2.38889	200
0.0555556	2.38889	187.228
0.111111	2.38889	174.545
0.166667	2.38889	162.033
0.222222	2.38889	149.773
0.277778	2.38889	137.839
0.333333	2.38889	126.299
0.388889	2.38889	115.212
0.444444	2.38889	104.628
0.5	2.38889	94.5874
0.555556	2.38889	85.1216
0.611111	2.38889	76.2522
0.666667	2.38889	67.9928
0.722222	2.38889	60.347
0.777778	2.38889	53.3112
0.833333	2.38889	46.8749
0.888889	2.38889	41.0216
0.944444	2.38889	35.7295
1	2.38889	30.9729
1.05556	2.38889	26.722
1.11111	2.38889	22.9451
1.16667	2.38889	19.6086
1.22222	2.38889	16.6785
1.27778	2.38889	14.1199
1.33333	2.38889	11.8984
1.38889	2.38889	9.9807
1.44444	2.38889	8.33477
1.5	2.38889	6.93024
1.55556	2.38889	5.7386
1.61111	2.38889	4.73339
1.66667	2.38889	3.89031
1.72222	2.38889	3.18724
1.77778	2.38889	2.60427
1.83333	2.38889	2.12363
1.88889	2.38889	1.72956
1.94444	2.38889	1.40827
2	2.38889	1.14773
2.05556	2.38889	0.937554
2.11111	2.38889	0.768856
2.16667	2.38889	0.63407
2.22222	2.38889	0.526816
2.27778	2.38889	0.441746
2.33333	2.38889	0.374411
2.38889	2.38889	0.321138
2.44444	2.38889	0.278912
2.5	2.38889	0.245277
2.55556	2.38889	0.218243
2.61111	2.38889	0.196215
2.66667	2.38889	0.177915
2.72222	2.38889	0.162335
2.77778	2.38889	0.148681
2.83333	2.38889	0.136339
2.88889	2.38889	0.124834
2.94444	2.38889	0.11381
3	2.38889	0.103004
3.05556	2.38889	0.0922283
3.11111	2.38889	0.0813555
3.16667	2.38889	0.0703078
3.22222	2.38889	0.0590464
3.27778	2.38889	0.0475635
3.33333	2.38889	0.035876
3.38889	2.38889	0.0240189
3.44444	2.38889	0.0120411
3.5	2.38889	0

0	2.44444	200
0.0555556	2.44444	187.12
0.111111	2.44444	174.329
0.166667	2.44444	161.718
0.222222	2.44444	149.368
0.277778	2.44444	137.357
0.333333	2.44444	125.755
0.388889	2.44444	114.619
0.444444	2.44444	104.001
0.5	2.44444	93.9409
0.555556	2.44444	84.4685
0.611111	2.44444	75.6046
0.666667	2.44444	67.3599
0.722222	2.44444	59.7376
0.777778	2.44444	52.7315
0.833333	2.44444	46.3296
0.888889	2.44444	40.5139
0.944444	2.44444	35.2611
1	2.44444	30.5443
1.05556	2.44444	26.3327
1.11111	2.44444	22.5938
1.16667	2.44444	19.2936
1.22222	2.44444	16.3972
1.27778	2.44444	13.8699
1.33333	2.44444	11.6769
1.38889	2.44444	9.78497
1.44444	2.44444	8.16198
1.5	2.44444	6.77769
1.55556	2.44444	5.60379
1.61111	2.44444	4.61396
1.66667	2.44444	3.78413
1.72222	2.44444	3.09238
1.77778	2.44444	2.51902
1.83333	2.44444	2.04648
1.88889	2.44444	1.65921
1.94444	2.44444	1.3436
2	2.44444	1.08779
2.05556	2.44444	0.881559
2.11111	2.44444	0.716148
2.16667	2.44444	0.584122
2.22222	2.44444	0.479206
2.27778	2.44444	0.396149
2.33333	2.44444	0.330586
2.38889	2.44444	0.278912
2.44444	2.44444	0.238174
2.5	2.44444	0.205967
2.55556	2.44444	0.180345
2.61111	2.44444	0.159749
2.66667	2.44444	0.142933
2.72222	2.44444	0.128912
2.77778	2.44444	0.116913
2.83333	2.44444	0.106335
2.88889	2.44444	0.096715
2.94444	2.44444	0.0877038
3	2.44444	0.0790405
3.05556	2.44444	0.0705364
3.11111	2.44444	0.0620601
3.16667	2.44444	0.0535261
3.22222	2.44444	0.0448848
3.27778	2.44444	0.0361155
3.33333	2.44444	0.027219
3.38889	2.44444	0.0182133
3.44444	2.44444	0.00912785
3.5	2.44444	0

0	2.5	200
0.0555556	2.5	186.984
0.111111	2.5	174.062
0.166667	2.5	161.329
0.222222	2.5	148.872
0.277778	2.5	136.768
0.333333	2.5	125.09
0.388889	2.5	113.898
0.444444	2.5	103.242
0.5	2.5	93.1618
0.555556	2.5	83.6852
0.611111	2.5	74.8309
0.666667	2.5	66.608
0.722222	2.5	59.017
0.777778	2.5	52.0496
0.833333	2.5	45.6917
0.888889	2.5	39.9232
0.944444	2.5	34.7193
1	2.5	30.0516
1.05556	2.5	25.8881
1.11111	2.5	22.1956
1.16667	2.5	18.9391
1.22222	2.5	16.0836
1.27778	2.5	13.5935
1.33333	2.5	11.4346
1.38889	2.5	9.57311
1.44444	2.5	7.97724
1.5	2.5	6.61686
1.55556	2.5	5.4638
1.61111	2.5	4.49203
1.66667	2.5	3.67767
1.72222	2.5	2.99912
1.77778	2.5	2.43693
1.83333	2.5	1.97377
1.88889	2.5	1.59435
1.94444	2.5	1.28527
2	2.5	1.03486
2.05556	2.5	0.833088
2.11111	2.5	0.671364
2.16667	2.5	0.542388
2.22222	2.5	0.440013
2.27778	2.5	0.359094
2.33333	2.5	0.295357
2.38889	2.5	0.245277
2.44444	2.5	0.205967
2.5	2.5	0.175078
2.55556	2.5	0.150713
2.61111	2.5	0.131349
2.66667	2.5	0.115774
2.72222	2.5	0.103028
2.77778	2.5	0.0923579
2.83333	2.5	0.0831794
2.88889	2.5	0.0750415
2.94444	2.5	0.0676012
3	2.5	0.0606021
3.05556	2.5	0.0538563
3.11111	2.5	0.0472301
3.16667	2.5	0.040633
3.22222	2.5	0.0340081
3.27778	2.5	0.0273249
3.33333	2.5	0.0205729
3.38889	2.5	0.0137567
3.44444	2.5	0.00689164
3.5	2.5	0

0	2.55556	200
0.0555556	2.55556	186.815
0.111111	2.55556	173.733
0.166667	2.55556	160.85
0.222222	2.55556	148.26
0.277778	2.55556	136.045
0.333333	2.55556	124.278
0.388889	2.55556	113.02
0.444444	2.55556	102.322
0.5	2.55556	92.2209
0.555556	2.55556	82.7437
0.611111	2.55556	73.9057
0.666667	2.55556	65.7131
0.722222	2.55556	58.1636
0.777778	2.55556	51.2461
0.833333	2.55556	44.9437
0.888889	2.55556	39.2342
0.944444	2.55556	34.0906
1	2.55556	29.4829
1.05556	2.55556	25.3779
1.11111	2.55556	21.7411
1.16667	2.55556	18.5371
1.22222	2.55556	15.7301
1.27778	2.55556	13.2845
1.33333	2.55556	11.1657
1.38889	2.55556	9.34024
1.44444	2.55556	7.77623
1.5	2.55556	6.4438
1.55556	2.55556	5.31506
1.61111	2.55556	4.36427
1.66667	2.55556	3.56788
1.72222	2.55556	2.9046
1.77778	2.55556	2.35529
1.83333	2.55556	1.90293
1.88889	2.55556	1.53251
1.94444	2.55556	1.23087
2	2.55556	0.986612
2.05556	2.55556	0.78989
2.11111	2.55556	0.632303
2.16667	2.55556	0.506718
2.22222	2.55556	0.407128
2.27778	2.55556	0.328509
2.33333	2.55556	0.266694
2.38889	2.55556	0.218243
2.44444	2.55556	0.180345
2.5	2.55556	0.150713
2.55556	2.55556	0.127499
2.61111	2.55556	0.109224
2.66667	2.55556	0.0947085
2.72222	2.55556	0.0830216
2.77778	2.55556	0.0734321
2.83333	2.55556	0.0653715
2.88889	2.55556	0.0584016
2.94444	2.55556	0.0521882
3	2.55556	0.04648
3.05556	2.55556	0.0410914
3.11111	2.55556	0.0358884
3.16667	2.55556	0.0307777
3.22222	2.55556	0.0256973
3.27778	2.55556	0.0206101
3.33333	2.55556	0.0154972
3.38889	2.55556	0.0103536
3.44444	2.55556	0.00518424
3.5	2.55556	0

0	2.61111	200
0.0555556	2.61111	186.607
0.111111	2.61111	173.325
0.166667	2.61111	160.258
0.222222	2.61111	147.506
0.277778	2.61111	135.156
0.333333	2.61111	123.283
0.388889	2.61111	111.951
0.444444	2.61111	101.206
0.5	2.61111	91.0853
0.555556	2.61111	81.6126
0.611111	2.61111	72.7997
0.666667	2.61111	64.649
0.722222	2.61111	57.1537
0.777778	2.61111	50.2998
0.833333	2.61111	44.0672
0.888889	2.61111	38.4306
0.944444	2.61111	33.361
1	2.61111	28.8261
1.05556	2.61111	24.7915
1.11111	2.61111	21.2215
1.16667	2.61111	18.0798
1.22222	2.61111	15.3303
1.27778	2.61111	12.9371
1.33333	2.61111	10.8654
1.38889	2.61111	9.08192
1.44444	2.61111	7.55499
1.5	2.61111	6.255
1.55556	2.61111	5.15441
1.61111	2.61111	4.22783
1.66667	2.61111	3.45213
1.72222	2.61111	2.80638
1.77778	2.61111	2.27183
1.83333	2.61111	1.83181
1.88889	2.61111	1.47163
1.94444	2.61111	1.17847
2	2.61111	0.941161
2.05556	2.61111	0.75013
2.11111	2.61111	0.59718
2.16667	2.61111	0.475367
2.22222	2.61111	0.378845
2.27778	2.61111	0.302728
2.33333	2.61111	0.242964
2.38889	2.61111	0.196215
2.44444	2.61111	0.159749
2.5	2.61111	0.131349
2.55556	2.61111	0.109224
2.61111	2.61111	0.0919391
2.66667	2.61111	0.0783538
2.72222	2.61111	0.0675658
2.77778	2.61111	0.0588678
2.83333	2.61111	0.0517095
2.88889	2.61111	0.0456664
2.94444	2.61111	0.0404141
3	2.61111	0.0357079
3.05556	2.61111	0.0313657
3.11111	2.61111	0.0272548
3.16667	2.61111	0.0232806
3.22222	2.61111	0.0193785
3.27778	2.61111	0.0155067
3.33333	2.61111	0.0116407
3.38889	2.61111	0.00776851
3.44444	2.61111	0.00388735
3.5	2.61111	0

0	2.66667	200
0.0555556	2.66667	186.348
0.111111	2.66667	172.817
0.166667	2.66667	159.525
0.222222	2.66667	146.575
0.277778	2.66667	134.063
0.333333	2.66667	122.066
0.388889	2.66667	110.646
0.444444	2.66667	99.8525
0.5	2.66667	89.716
0.555556	2.66667	80.2561
0.611111	2.66667	71.4804
0.666667	2.66667	63.3859
0.722222	2.66667	55.9613
0.777778	2.66667	49.188
0.833333	2.66667	43.0423
0.888889	2.66667	37.4954
0.944444	2.66667	32.5158
1	2.66667	28.0688
1.05556	2.66667	24.1184
1.11111	2.66667	20.6277
1.16667	2.66667	17.5597
1.22222	2.66667	14.8777
1.27778	2.66667	12.5456
1.33333	2.66667	10.5288
1.38889	2.66667	8.79404
1.44444	2.66667	7.30996
1.5	2.66667	6.04735
1.55556	2.66667	4.97908
1.61111	2.66667	4.08025
1.66667	2.66667	3.32817
1.72222	2.66667	2.7024
1.77778	2.66667	2.18463
1.83333	2.66667	1.75862
1.88889	2.66667	1.41005
1.94444	2.66667	1.12644
2	2.66667	0.896972
2.05556	2.66667	0.712326
2.11111	2.66667	0.564559
2.16667	2.66667	0.446937
2.22222	2.66667	0.353799
2.27778	2.66667	0.280414
2.33333	2.66667	0.222862
2.38889	2.66667	0.177915
2.44444	2.66667	0.142933
2.5	2.66667	0.115774
2.55556	2.66667	0.0947085
2.61111	2.66667	0.0783538
2.66667	2.66667	0.0656087
2.72222	2.66667	0.0556038
2.77778	2.66667	0.0476575
2.83333	2.66667	0.0412392
2.88889	2.66667	0.0359395
2.94444	2.66667	0.0314451
3	2.66667	0.0275191
3.05556	2.66667	0.0239842
3.11111	2.66667	0.0207102
3.16667	2.66667	0.017603
3.22222	2.66667	0.0145966
3.27778	2.66667	0.0116467
3.33333	2.66667	0.00872486
3.38889	2.66667	0.00581446
3.44444	2.66667	0.0029072
3.5	2.66667	0

0	2.72222	200
0.0555556	2.72222	186.024
0.111111	2.72222	172.186
0.166667	2.72222	158.613
0.222222	2.72222	145.422
0.277778	2.72222	132.715
0.333333	2.72222	120.573
0.388889	2.72222	109.058
0.444444	2.72222	98.2136
0.5	2.72222	88.0676
0.555556	2.72222	78.6328
0.611111	2.72222	69.9105
0.666667	2.72222	61.8915
0.722222	2.72222	54.5581
0.777778	2.72222	47.8866
0.833333	2.72222	41.8484
0.888889	2.72222	36.4114
0.944444	2.72222	31.5404
1	2.72222	27.1986
1.05556	2.72222	23.3482
1.11111	2.72222	19.9511
1.16667	2.72222	16.9695
1.22222	2.72222	14.3662
1.27778	2.72222	12.1051
1.33333	2.72222	10.1517
1.38889	2.72222	8.47295
1.44444	2.72222	7.03801
1.5	2.72222	5.81813
1.55556	2.72222	4.78671
1.61111	2.72222	3.91941
1.66667	2.72222	3.19413
1.72222	2.72222	2.59098
1.77778	2.72222	2.09216
1.83333	2.72222	1.68191
1.88889	2.72222	1.34639
1.94444	2.72222	1.07352
2	2.72222	0.852811
2.05556	2.72222	0.675292
2.11111	2.72222	0.533291
2.16667	2.72222	0.420314
2.22222	2.72222	0.330905
2.27778	2.72222	0.26051
2.33333	2.72222	0.205355
2.38889	2.72222	0.162335
2.44444	2.72222	0.128912
2.5	2.72222	0.103028
2.55556	2.72222	0.0830216
2.61111	2.72222	0.0675658
2.66667	2.72222	0.0556038
2.72222	2.72222	0.0463018
2.77778	2.72222	0.039006
2.83333	2.72222	0.0332075
2.88889	2.72222	0.0285136
2.94444	2.72222	0.0246235
3	2.72222	0.021309
3.05556	2.72222	0.018399
3.11111	2.72222	0.0157668
3.16667	2.72222	0.0133201
3.22222	2.72222	0.0109931
3.27778	2.72222	0.00874008
3.33333	2.72222	0.00653038
3.38889	2.72222	0.00434434
3.44444	2.72222	0.00216994
3.5	2.72222	0

0	2.77778	200
0.0555556	2.77778	185.618
0.111111	2.77778	171.394
0.166667	2.77778	157.476
0.222222	2.77778	143.993
0.277778	2.77778	131.055
0.333333	2.77778	118.745
0.388889	2.77778	107.125
0.444444	2.77778	96.2319
0.5	2.77778	86.0875
0.555556	2.77778	76.6959
0.611111	2.77778	68.0494
0.666667	2.77778	60.1303
0.722222	2.77778	52.9139
0.777778	2.77778	46.37
0.833333	2.77778	40.4644
0.888889	2.77778	35.1606
0.944444	2.77778	30.42
1	2.77778	26.2034
1.05556	2.77778	22.471
1.11111	2.77778	19.1835
1.16667	2.77778	16.3024
1.22222	2.77778	13.7902
1.27778	2.77778	11.6109
1.33333	2.77778	9.73008
1.38889	2.77778	8.11539
1.44444	2.77778	6.73644
1.5	2.77778	5.56504
1.55556	2.77778	4.5753
1.61111	2.77778	3.74358
1.66667	2.77778	3.04848
1.72222	2.77778	2.47072
1.77778	2.77778	1.99313
1.83333	2.77778	1.60053
1.88889	2.77778	1.27958
1.94444	2.77778	1.01866
2	2.77778	0.807704
2.05556	2.77778	0.638094
2.11111	2.77778	0.502474
2.16667	2.77778	0.394622
2.22222	2.77778	0.309311
2.27778	2.77778	0.242184
2.33333	2.77778	0.18963
2.38889	2.77778	0.148681
2.44444	2.77778	0.116913
2.5	2.77778	0.0923579
2.55556	2.77778	0.0734321
2.61111	2.77778	0.0588678
2.66667	2.77778	0.0476575
2.72222	2.77778	0.039006
2.77778	2.77778	0.0322899
2.83333	2.77778	0.0270245
2.88889	2.77778	0.0228349
2.94444	2.77778	0.0194342
3	2.77778	0.0166042
3.05556	2.77778	0.0141811
3.11111	2.77778	0.0120427
3.16667	2.77778	0.0100997
3.22222	2.77778	0.00828735
3.27778	2.77778	0.00655988
3.33333	2.77778	0.0048856
3.38889	2.77778	0.00324303
3.44444	2.77778	0.0016178
3.5	2.77778	0

0	2.83333	200
0.0555556	2.83333	185.107
0.111111	2.83333	170.4
0.166667	2.83333	156.053
0.222222	2.83333	142.215
0.277778	2.83333	129.003
0.333333	2.83333	116.504
0.388889	2.83333	104.772
0.444444	2.83333	93.8399
0.5	2.83333	83.7158
0.555556	2.83333	74.3927
0.611111	2.83333	65.8518
0.666667	2.83333	58.0645
0.722222	2.83333	50.9973
0.777778	2.83333	44.612
0.833333	2.83333	38.8688
0.888889	2.83333	33.7256
0.944444	2.83333	29.1407
1	2.83333	25.0718
1.05556	2.83333	21.4775
1.11111	2.83333	18.3175
1.16667	2.83333	15.5525
1.22222	2.83333	13.145
1.27778	2.83333	11.059
1.33333	2.83333	9.26092
1.38889	2.83333	7.71882
1.44444	2.83333	6.40302
1.5	2.83333	5.2862
1.55556	2.83333	4.34326
1.61111	2.83333	3.55139
1.66667	2.83333	2.88999
1.72222	2.83333	2.34054
1.77778	2.83333	1.88658
1.83333	2.83333	1.51358
1.88889	2.83333	1.20878
1.94444	2.83333	0.96108
2	2.83333	0.760897
2.05556	2.83333	0.600007
2.11111	2.83333	0.471408
2.16667	2.83333	0.36918
2.22222	2.83333	0.288355
2.27778	2.83333	0.22479
2.33333	2.83333	0.175057
2.38889	2.83333	0.136339
2.44444	2.83333	0.106335
2.5	2.83333	0.0831794
2.55556	2.83333	0.0653715
2.61111	2.83333	0.0517095
2.66667	2.83333	0.0412392
2.72222	2.83333	0.0332075
2.77778	2.83333	0.0270245
2.83333	2.83333	0.0222309
2.88889	2.83333	0.0184722
2.94444	2.83333	0.0154763
3	2.83333	0.0130364
3.05556	2.83333	0.0109968
3.11111	2.83333	0.00924103
3.16667	2.83333	0.00768335
3.22222	2.83333	0.00626121
3.27778	2.83333	0.00492972
3.33333	2.83333	0.00365709
3.38889	2.83333	0.00242103
3.44444	2.83333	0.00120585
3.5	2.83333	0

0	2.88889	200
0.0555556	2.88889	184.457
0.111111	2.88889	169.143
0.166667	2.88889	154.266
0.222222	2.88889	139.997
0.277778	2.88889	126.464
0.333333	2.88889	113.754
0.388889	2.88889	101.913
0.444444	2.88889	90.9582
0.5	2.88889	80.8833
0.555556	2.88889	71.6648
0.611111	2.88889	63.2689
0.666667	2.88889	55.6541
0.722222	2.88889	48.7756
0.777778	2.88889	42.5868
0.833333	2.88889	37.0406
0.888889	2.88889	32.0901
0.944444	2.88889	27.6893
1	2.88889	23.7935
1.05556	2.88889	20.3597
1.11111	2.88889	17.3466
1.16667	2.88889	14.7147
1.22222	2.88889	12.4264
1.27778	2.88889	10.4464
1.33333	2.88889	8.74166
1.38889	2.88889	7.28113
1.44444	2.88889	6.03612
1.5	2.88889	4.98023
1.55556	2.88889	4.08942
1.61111	2.88889	3.34183
1.66667	2.88889	2.71779
1.72222	2.88889	2.19966
1.77778	2.88889	1.77179
1.83333	2.88889	1.42039
1.88889	2.88889	1.13336
1.94444	2.88889	0.900196
2	2.88889	0.711829
2.05556	2.88889	0.560489
2.11111	2.88889	0.439566
2.16667	2.88889	0.343476
2.22222	2.88889	0.267533
2.27778	2.88889	0.207834
2.33333	2.88889	0.161152
2.38889	2.88889	0.124834
2.44444	2.88889	0.096715
2.5	2.88889	0.0750415
2.55556	2.88889	0.0584016
2.61111	2.88889	0.0456664
2.66667	2.88889	0.0359395
2.72222	2.88889	0.0285136
2.77778	2.88889	0.0228349
2.83333	2.88889	0.0184722
2.88889	2.88889	0.0150924
2.94444	2.88889	0.0124401
3	2.88889	0.010321
3.05556	2.88889	0.00858832
3.11111	2.88889	0.00713221
3.16667	2.88889	0.00587137
3.22222	2.88889	0.00474617
3.27778	2.88889	0.00371334
3.33333	2.88889	0.00274179
3.38889	2.88889	0.00180922
3.44444	2.88889	0.000899423
3.5	2.88889	0

0	2.94444	200
0.0555556	2.94444	183.626
0.111111	2.94444	167.541
0.166667	2.94444	152.004
0.222222	2.94444	137.214
0.277778	2.94444	123.312
0.333333	2.94444	110.377
0.388889	2.94444	98.4399
0.444444	2.94444	87.4949
0.5	2.94444	77.5129
0.555556	2.94444	68.4489
0.611111	2.94444	60.2497
0.666667	2.94444	52.8583
0.722222	2.94444	46.217
0.777778	2.94444	40.2694
0.833333	2.94444	34.9608
0.888889	2.94444	30.2391
0.944444	2.94444	26.0545
1	2.94444	22.3599
1.05556	2.94444	19.1111
1.11111	2.94444	16.266
1.16667	2.94444	13.7852
1.22222	2.94444	11.6316
1.27778	2.94444	9.77081
1.33333	2.94444	8.17056
1.38889	2.94444	6.80096
1.44444	2.94444	5.6346
1.5	2.94444	4.64626
1.55556	2.94444	3.81305
1.61111	2.94444	3.11427
1.66667	2.94444	2.53133
1.72222	2.94444	2.04758
1.77778	2.94444	1.64831
1.83333	2.94444	1.32054
1.88889	2.94444	1.05292
1.94444	2.94444	0.835604
2	2.94444	0.660106
2.05556	2.94444	0.519153
2.11111	2.94444	0.406568
2.16667	2.94444	0.317132
2.22222	2.94444	0.246473
2.27778	2.94444	0.190951
2.33333	2.94444	0.147554
2.38889	2.94444	0.11381
2.44444	2.94444	0.0877038
2.5	2.94444	0.0676012
2.55556	2.94444	0.0521882
2.61111	2.94444	0.0404141
2.66667	2.94444	0.0314451
2.72222	2.94444	0.0246235
2.77778	2.94444	0.0194342
2.83333	2.94444	0.0154763
2.88889	2.94444	0.0124401
2.94444	2.94444	0.0100883
3	2.94444	0.00823976
3.05556	2.94444	0.0067579
3.11111	2.94444	0.00554022
3.16667	2.94444	0.00451057
3.22222	2.94444	0.00361289
3.27778	2.94444	0.00280616
3.33333	2.94444	0.00206062
3.38889	2.94444	0.00135456
3.44444	2.94444	0.000671891
3.5	2.94444	0

0	3	200
0.0555556	3	182.546
0.111111	3	165.475
0.166667	3	149.115
0.222222	3	133.704
0.277778	3	119.389
0.333333	3	106.229
0.388889	3	94.2273
0.444444	3	83.3449
0.5	3	73.5196
0.555556	3	64.6775
0.611111	3	56.7421
0.666667	3	49.6374
0.722222	3	43.2915
0.777778	3	37.6374
0.833333	3	32.6128
0.888889	3	28.1606
0.944444	3	24.2275
1	3	20.7648
1.05556	3	17.727
1.11111	3	15.0723
1.16667	3	12.7617
1.22222	3	10.7591
1.27778	3	9.03105
1.33333	3	7.54676
1.38889	3	6.27778
1.44444	3	5.19809
1.5	3	4.28397
1.55556	3	3.51389
1.61111	3	2.8685
1.66667	3	2.33039
1.72222	3	1.8841
1.77778	3	1.51592
1.83333	3	1.2138
1.88889	3	0.967223
1.94444	3	0.767071
2	3	0.605486
2.05556	3	0.47575
2.11111	3	0.372156
2.16667	3	0.289888
2.22222	3	0.224913
2.27778	3	0.173874
2.33333	3	0.133997
2.38889	3	0.103004
2.44444	3	0.0790405
2.5	3	0.0606021
2.55556	3	0.04648
2.61111	3	0.0357079
2.66667	3	0.0275191
2.72222	3	0.021309
2.77778	3	0.0166042
2.83333	3	0.0130364
2.88889	3	0.010321
2.94444	3	0.00823976
3	3	0.00662628
3.05556	3	0.00535478
3.11111	3	0.00433085
3.16667	3	0.00348418
3.22222	3	0.00276279
3.27778	3	0.00212847
3.33333	3	0.00155328
3.38889	3	0.00101661
3.44444	3	0.000502963
3.5	3	0

0	3.05556	200
0.0555556	3.05556	181.123
0.111111	3.05556	162.776
0.166667	3.05556	145.391
0.222222	3.05556	129.248
0.277778	3.05556	114.487
0.333333	3.05556	101.129
0.388889	3.05556	89.1271
0.444444	3.05556	78.3907
0.5	3.05556	68.813
0.555556	3.05556	60.2832
0.611111	3.05556	52.6962
0.666667	3.05556	45.9553
0.722222	3.05556	39.9734
0.777778	3.05556	34.6729
0.833333	3.05556	29.9845
0.888889	3.05556	25.8464
0.944444	3.05556	22.2031
1	3.05556	19.0046
1.05556	3.05556	16.2056
1.11111	3.05556	13.7647
1.16667	3.05556	11.6439
1.22222	3.05556	9.80874
1.27778	3.05556	8.22731
1.33333	3.05556	6.87058
1.38889	3.05556	5.71189
1.44444	3.05556	4.72692
1.5	3.05556	3.89364
1.55556	3.05556	3.19219
1.61111	3.05556	2.60468
1.66667	3.05556	2.11512
1.72222	3.05556	1.7093
1.77778	3.05556	1.37465
1.83333	3.05556	1.10016
1.88889	3.05556	0.876227
1.94444	3.05556	0.694513
2	3.05556	0.547861
2.05556	3.05556	0.43015
2.11111	3.05556	0.336184
2.16667	3.05556	0.261583
2.22222	3.05556	0.20268
2.27778	3.05556	0.156424
2.33333	3.05556	0.120296
2.38889	3.05556	0.0922283
2.44444	3.05556	0.0705364
2.5	3.05556	0.0538563
2.55556	3.05556	0.0410914
2.61111	3.05556	0.0313657
2.66667	3.05556	0.0239842
2.72222	3.05556	0.018399
2.77778	3.05556	0.0141811
2.83333	3.05556	0.0109968
2.88889	3.05556	0.00858832
2.94444	3.05556	0.0067579
3	3.05556	0.00535478
3.05556	3.05556	0.00426489
3.11111	3.05556	0.00340253
3.16667	3.05556	0.00270376
3.22222	3.05556	0.00212119
3.27778	3.05556	0.00161989
3.33333	3.05556	0.00117411
3.38889	3.05556	0.000764741
3.44444	3.05556	0.000377264
3.5	3.05556	0

0	3.11111	200
0.0555556	3.11111	179.203
0.111111	3.11111	159.184
0.166667	3.11111	140.525
0.222222	3.11111	123.545
0.277778	3.11111	108.341
0.333333	3.11111	94.8604
0.388889	3.11111	82.9708
0.444444	3.11111	72.5068
0.5	3.11111	63.3023
0.555556	3.11111	55.2019
0.611111	3.11111	48.0685
0.666667	3.11111	41.7832
0.722222	3.11111	36.2442
0.777778	3.11111	31.3646
0.833333	3.11111	27.0692
0.888889	3.11111	23.2933
0.944444	3.11111	19.9802
1	3.11111	17.0799
1.05556	3.11111	14.548
1.11111	3.11111	12.3445
1.16667	3.11111	10.4334
1.22222	3.11111	8.78221
1.27778	3.11111	7.36123
1.33333	3.11111	6.14348
1.38889	3.11111	5.10453
1.44444	3.11111	4.22212
1.5	3.11111	3.4762
1.55556	3.11111	2.8487
1.61111	3.11111	2.32344
1.66667	3.11111	1.88598
1.72222	3.11111	1.52353
1.77778	3.11111	1.22477
1.83333	3.11111	0.979818
1.88889	3.11111	0.780044
1.94444	3.11111	0.61799
2	3.11111	0.487242
2.05556	3.11111	0.382326
2.11111	3.11111	0.298596
2.16667	3.11111	0.232138
2.22222	3.11111	0.179677
2.27778	3.11111	0.138491
2.33333	3.11111	0.106332
2.38889	3.11111	0.0813555
2.44444	3.11111	0.0620601
2.5	3.11111	0.0472301
2.55556	3.11111	0.0358884
2.61111	3.11111	0.0272548
2.66667	3.11111	0.0207102
2.72222	3.11111	0.0157668
2.77778	3.11111	0.0120427
2.83333	3.11111	0.00924103
2.88889	3.11111	0.00713221
2.94444	3.11111	0.00554022
3	3.11111	0.00433085
3.05556	3.11111	0.00340253
3.11111	3.11111	0.00267885
3.16667	3.11111	0.00210277
3.22222	3.11111	0.00163191
3.27778	3.11111	0.00123494
3.33333	3.11111	0.000888698
3.38889	3.11111	0.000575872
3.44444	3.11111	0.000283214
3.5	3.11111	0

0	3.16667	200
0.0555556	3.16667	176.539
0.111111	3.16667	154.295
0.166667	3.16667	134.07
0.222222	3.16667	116.183
0.277778	3.16667	100.615
0.333333	3.16667	87.1672
0.388889	3.16667	75.5739
0.444444	3.16667	65.5664
0.5	3.16667	56.9039
0.555556	3.16667	49.3808
0.611111	3.16667	42.827
0.666667	3.16667	37.1034
0.722222	3.16667	32.0958
0.777778	3.16667	27.7101
0.833333	3.16667	23.8682
0.888889	3.16667	20.5046
0.944444	3.16667	17.563
1	3.16667	14.9952
1.05556	3.16667	12.7587
1.11111	3.16667	10.8161
1.16667	3.16667	9.13423
1.22222	3.16667	7.68311
1.27778	3.16667	6.43583
1.33333	3.16667	5.3681
1.38889	3.16667	4.45798
1.44444	3.16667	3.68562
1.5	3.16667	3.03318
1.55556	3.16667	2.48468
1.61111	3.16667	2.02579
1.66667	3.16667	1.6438
1.72222	3.16667	1.32743
1.77778	3.16667	1.06677
1.83333	3.16667	0.853126
1.88889	3.16667	0.678942
1.94444	3.16667	0.537688
2	3.16667	0.423752
2.05556	3.16667	0.332348
2.11111	3.16667	0.259419
2.16667	3.16667	0.201546
2.22222	3.16667	0.155873
2.27778	3.16667	0.120023
2.33333	3.16667	0.0920373
2.38889	3.16667	0.0703078
2.44444	3.16667	0.0535261
2.5	3.16667	0.040633
2.55556	3.16667	0.0307777
2.61111	3.16667	0.0232806
2.66667	3.16667	0.017603
2.72222	3.16667	0.0133201
2.77778	3.16667	0.0100997
2.83333	3.16667	0.00768335
2.88889	3.16667	0.00587137
2.94444	3.16667	0.00451057
3	3.16667	0.00348418
3.05556	3.16667	0.00270376
3.11111	3.16667	0.00210277
3.16667	3.16667	0.00163147
3.22222	3.16667	0.00125289
3.27778	3.16667	0.000939617
3.33333	3.16667	0.000671309
3.38889	3.16667	0.000432729
3.44444	3.16667	0.000212142
3.5	3.16667	0

0	3.22222	200
0.0555556	3.22222	172.685
0.111111	3.22222	147.443
0.166667	3.22222	125.354
0.222222	3.22222	106.602
0.277778	3.22222	90.8929
0.333333	3.22222	77.7641
0.388889	3.22222	66.7524
0.444444	3.22222	57.4573
0.5	3.22222	49.5539
0.555556	3.22222	42.7874
0.611111	3.22222	36.9591
0.666667	3.22222	31.9148
0.722222	3.22222	27.5333
0.777778	3.22222	23.7182
0.833333	3.22222	20.392
0.888889	3.22222	17.4909
0.944444	3.22222	14.9619
1	3.22222	12.7599
1.05556	3.22222	10.8462
1.11111	3.22222	9.18705
1.16667	3.22222	7.75277
1.22222	3.22222	6.51689
1.27778	3.22222	5.4558
1.33333	3.22222	4.54833
1.38889	3.22222	3.77546
1.44444	3.22222	3.12007
1.5	3.22222	2.56679
1.55556	3.22222	2.1019
1.61111	3.22222	1.71316
1.66667	3.22222	1.3897
1.72222	3.22222	1.12191
1.77778	3.22222	0.901353
1.83333	3.22222	0.720633
1.88889	3.22222	0.573333
1.94444	3.22222	0.453911
2	3.22222	0.357608
2.05556	3.22222	0.280366
2.11111	3.22222	0.218749
2.16667	3.22222	0.169862
2.22222	3.22222	0.131287
2.27778	3.22222	0.101015
2.33333	3.22222	0.0773877
2.38889	3.22222	0.0590464
2.44444	3.22222	0.0448848
2.5	3.22222	0.0340081
2.55556	3.22222	0.0256973
2.61111	3.22222	0.0193785
2.66667	3.22222	0.0145966
2.72222	3.22222	0.0109931
2.77778	3.22222	0.00828735
2.83333	3.22222	0.00626121
2.88889	3.22222	0.00474617
2.94444	3.22222	0.00361289
3	3.22222	0.00276279
3.05556	3.22222	0.00212119
3.11111	3.22222	0.00163191
3.16667	3.22222	0.00125289
3.22222	3.22222	0.000952853
3.27778	3.22222	0.000708562
3.33333	3.22222	0.000502749
3.38889	3.22222	0.000322434
3.44444	3.22222	0.000157582
3.5	3.22222	0

0	3.27778	200
0.0555556	3.27778	166.783
0.111111	3.27778	137.484
0.166667	3.27778	113.366
0.222222	3.27778	94.0657
0.277778	3.27778	78.6948
0.333333	3.27778	66.3652
0.388889	3.27778	56.3507
0.444444	3.27778	48.1044
0.5	3.27778	41.2255
0.555556	3.27778	35.4214
0.611111	3.27778	30.4786
0.666667	3.27778	26.2379
0.722222	3.27778	22.5796
0.777778	3.27778	19.4116
0.833333	3.27778	16.6615
0.888889	3.27778	14.2712
0.944444	3.27778	12.1934
1	3.27778	10.3885
1.05556	3.27778	8.82294
1.11111	3.27778	7.46784
1.16667	3.27778	6.29794
1.22222	3.27778	5.29101
1.27778	3.27778	4.42735
1.33333	3.27778	3.68934
1.38889	3.27778	3.06123
1.44444	3.27778	2.52893
1.5	3.27778	2.07984
1.55556	3.27778	1.70264
1.61111	3.27778	1.38737
1.66667	3.27778	1.12514
1.72222	3.27778	0.908116
1.77778	3.27778	0.729418
1.83333	3.27778	0.583037
1.88889	3.27778	0.463755
1.94444	3.27778	0.367068
2	3.27778	0.289114
2.05556	3.27778	0.226601
2.11111	3.27778	0.176741
2.16667	3.27778	0.137189
2.22222	3.27778	0.105985
2.27778	3.27778	0.0815003
2.33333	3.27778	0.0623933
2.38889	3.27778	0.0475635
2.44444	3.27778	0.0361155
2.5	3.27778	0.0273249
2.55556	3.27778	0.0206101
2.61111	3.27778	0.0155067
2.66667	3.27778	0.0116467
2.72222	3.27778	0.00874008
2.77778	3.27778	0.00655988
2.83333	3.27778	0.00492972
2.88889	3.27778	0.00371334
2.94444	3.27778	0.00280616
3	3.27778	0.00212847
3.05556	3.27778	0.00161989
3.11111	3.27778	0.00123494
3.16667	3.27778	0.000939617
3.22222	3.27778	0.000708562
3.27778	3.27778	0.000522948
3.33333	3.27778	0.00036875
3.38889	3.27778	0.000235403
3.44444	3.27778	0.000114721
3.5	3.27778	0

0	3.33333	200
0.0555556	3.33333	156.98
0.111111	3.33333	122.383
0.166667	3.33333	96.6142
0.222222	3.33333	77.6689
0.277778	3.33333	63.5409
0.333333	3.33333	52.7483
0.388889	3.33333	44.2901
0.444444	3.33333	37.5041
0.5	3.33333	31.9497
0.555556	3.33333	27.3286
0.611111	3.33333	23.4341
0.666667	3.33333	20.1193
0.722222	3.33333	17.2772
0.777778	3.33333	14.8275
0.833333	3.33333	12.7089
0.888889	3.33333	10.873
0.944444	3.33333	9.28095
1	3.33333	7.90066
1.05556	3.33333	6.70534
1.11111	3.33333	5.67206
1.16667	3.33333	4.781
1.22222	3.33333	4.01479
1.27778	3.33333	3.35811
1.33333	3.33333	2.79735
1.38889	3.33333	2.32037
1.44444	3.33333	1.91637
1.5	3.33333	1.57565
1.55556	3.33333	1.2896
1.61111	3.33333	1.05059
1.66667	3.33333	0.851844
1.72222	3.33333	0.687407
1.77778	3.33333	0.552041
1.83333	3.33333	0.441178
1.88889	3.33333	0.350856
1.94444	3.33333	0.277656
2	3.33333	0.218647
2.05556	3.33333	0.171334
2.11111	3.33333	0.133602
2.16667	3.33333	0.103675
2.22222	3.33333	0.0800663
2.27778	3.33333	0.0615442
2.33333	3.33333	0.0470917
2.38889	3.33333	0.035876
2.44444	3.33333	0.027219
2.5	3.33333	0.0205729
2.55556	3.33333	0.0154972
2.61111	3.33333	0.0116407
2.66667	3.33333	0.00872486
2.72222	3.33333	0.00653038
2.77778	3.33333	0.0048856
2.83333	3.33333	0.00365709
2.88889	3.33333	0.00274179
2.94444	3.33333	0.00206062
3	3.33333	0.00155328
3.05556	3.33333	0.00117411
3.11111	3.33333	0.000888698
3.16667	3.33333	0.000671309
3.22222	3.33333	0.000502749
3.27778	3.33333	0.00036875
3.33333	3.33333	0.000258672
3.38889	3.33333	0.000164488
3.44444	3.33333	7.99676e-05
3.5	3.33333	0

0	3.38889	200
0.0555556	3.38889	138.766
0.111111	3.38889	98.4792
0.166667	3.38889	73.0796
0.222222	3.38889	56.5081
0.277778	3.38889	45.1147
0.333333	3.38889	36.871
0.388889	3.38889	30.6403
0.444444	3.38889	25.7625
0.5	3.38889	21.8372
0.555556	3.38889	18.6103
0.611111	3.38889	15.9144
0.666667	3.38889	13.6344
0.722222	3.38889	11.689
0.777778	3.38889	10.0184
0.833333	3.38889	8.57775
0.888889	3.38889	7.33219
0.944444	3.38889	6.25401
1	3.38889	5.32064
1.05556	3.38889	4.51331
1.11111	3.38889	3.81612
1.16667	3.38889	3.21539
1.22222	3.38889	2.69918
1.27778	3.38889	2.25703
1.33333	3.38889	1.87966
1.38889	3.38889	1.5588
1.44444	3.38889	1.28713
1.5	3.38889	1.05809
1.55556	3.38889	0.865854
1.61111	3.38889	0.70527
1.66667	3.38889	0.57177
1.72222	3.38889	0.461336
1.77778	3.38889	0.370441
1.83333	3.38889	0.296011
1.88889	3.38889	0.235379
1.94444	3.38889	0.186247
2	3.38889	0.146646
2.05556	3.38889	0.114896
2.11111	3.38889	0.089578
2.16667	3.38889	0.0694987
2.22222	3.38889	0.0536605
2.27778	3.38889	0.0412355
2.33333	3.38889	0.0315414
2.38889	3.38889	0.0240189
2.44444	3.38889	0.0182133
2.5	3.38889	0.0137567
2.55556	3.38889	0.0103536
2.61111	3.38889	0.00776851
2.66667	3.38889	0.00581446
2.72222	3.38889	0.00434434
2.77778	3.38889	0.00324303
2.83333	3.38889	0.00242103
2.88889	3.38889	0.00180922
2.94444	3.38889	0.00135456
3	3.38889	0.00101661
3.05556	3.38889	0.000764741
3.11111	3.38889	0.000575872
3.16667	3.38889	0.000432729
3.22222	3.38889	0.000322434
3.27778	3.38889	0.000235403
3.33333	3.38889	0.000164488
3.38889	3.38889	0.000104288
3.44444	3.38889	5.06076e-05
3.5	3.38889	0

0	3.44444	200
0.0555556	3.44444	99.6172
0.111111	3.44444	59.7078
0.166667	3.44444	40.7445
0.222222	3.44444	30.2042
0.277778	3.44444	23.5819
0.333333	3.44444	19.0303
0.388889	3.44444	15.693
0.444444	3.44444	13.1289
0.5	3.44444	11.0907
0.555556	3.44444	9.42887
0.611111	3.44444	8.04862
0.666667	3.44444	6.8862
0.722222	3.44444	5.89743
0.777778	3.44444	5.05038
0.833333	3.44444	4.32123
0.888889	3.44444	3.69174
0.944444	3.44444	3.14745
1	3.44444	2.67669
1.05556	3.44444	2.26982
1.11111	3.44444	1.91867
1.16667	3.44444	1.61625
1.22222	3.44444	1.3565
1.27778	3.44444	1.13409
1.33333	3.44444	0.944321
1.38889	3.44444	0.783017
1.44444	3.44444	0.646471
1.5	3.44444	0.531375
1.55556	3.44444	0.43479
1.61111	3.44444	0.35412
1.66667	3.44444	0.287065
1.72222	3.44444	0.231601
1.77778	3.44444	0.185955
1.83333	3.44444	0.148582
1.88889	3.44444	0.118139
1.94444	3.44444	0.0934724
2	3.44444	0.0735915
2.05556	3.44444	0.0576535
2.11111	3.44444	0.044945
2.16667	3.44444	0.0348665
2.22222	3.44444	0.0269172
2.27778	3.44444	0.0206813
2.33333	3.44444	0.0158162
2.38889	3.44444	0.0120411
2.44444	3.44444	0.00912785
2.5	3.44444	0.00689164
2.55556	3.44444	0.00518424
2.61111	3.44444	0.00388735
2.66667	3.44444	0.0029072
2.72222	3.44444	0.00216994
2.77778	3.44444	0.0016178
2.83333	3.44444	0.00120585
2.88889	3.44444	0.000899423
2.94444	3.44444	0.000671891
3	3.44444	0.000502963
3.05556	3.44444	0.000377264
3.11111	3.44444	0.000283214
3.16667	3.44444	0.000212142
3.22222	3.44444	0.000157582
3.27778	3.44444	0.000114721
3.33333	3.44444	7.99676e-05
3.38889	3.44444	5.06076e-05
3.44444	3.44444	2.45299e-05
3.5	3.44444	0

0	3.5	200
0.0555556	3.5	0
0.111111	3.5	0
0.166667	3.5	0
0.222222	3.5	0
0.277778	3.5	0
0.333333	3.5	0
0.388889	3.5	0
0.444444	3.5	0
0.5	3.5	0
0.555556	3.5	0
0.611111	3.5	0
0.666667	3.5	0
0.722222	3.5	0
0.777778	3.5	0
0.833333	3.5	0
0.888889	3.5	0
0.944444	3.5	0
1	3.5	0
1.05556	3.5	0
1.11111	3.5	0
1.16667	3.5	0
1.22222	3.5	0
1.27778	3.5	0
1.33333	3.5	0
1.38889	3.5	0
1.44444	3.5	0
1.5	3.5	0
1.55556	3.5	0
1.61111	3.5	0
1.66667	3.5	0
1.72222	3.5	0
1.77778	3.5	0
1.83333	3.5	0
1.88889	3.5	0
1.94444	3.5	0
2	3.5	0
2.05556	3.5	0
2.11111	3.5	0
2.16667	3.5	0
2.22222	3.5	0
2.27778	3.5	0
2.33333	3.5	0
2.38889	3.5	0
2.44444	3.5	0
2.5	3.5	0
2.55556	3.5	0
2.61111	3.5	0
2.66667	3.5	0
2.72222	3.5	0
2.77778	3.5	0
2.83333	3.5	0
2.88889	3.5	0
2.94444	3.5	0
3	3.5	0
3.05556	3.5	0
3.11111	3.5	0
3.16667	3.5	0
3.22222	3.5	0
3.27778	3.5	0
3.33333	3.5	0
3.38889	3.5	0
3.44444	3.5	0
3.5	3.5	0

