1600 64 102400 0.000107 0.000397
16000 64 1024000 0.000497 0.003706
800 128 102400 0.000111 0.000415
8000 128 1024000 0.000395 0.003623
400 256 102400 0.000102 0.000394
4000 256 1024000 0.000396 0.003654
40000 256 10240000 0.002564 0.032633
200 512 102400 0.000103 0.000393
2000 512 1024000 0.000394 0.003637
20000 512 10240000 0.002562 0.032917
100 1024 102400 0.000113 0.000409
1000 1024 1024000 0.000398 0.003836
10000 1024 10240000 0.002581 0.033325
50000 1024 51200000 0.012440 0.219352
65535 1024 67107840 0.016142 0.277302
