1600 64 102400 0.000112 0.001071
16000 64 1024000 0.000388 0.006023


800 128 102400 0.000097 0.000773
8000 128 1024000 0.000321 0.005556


400 256 102400 0.000103 0.001079
4000 256 1024000 0.000323 0.005377
40000 256 10240000 0.001207 0.073622


200 512 102400 0.000106 0.000641
2000 512 1024000 0.000308 0.007218
20000 512 10240000 0.001234 0.056790


100 1024 102400 0.000112 0.000643
1000 1024 1024000 0.000365 0.005651
10000 1024 10240000 0.001799 0.056915
50000 1024 51200000 0.008099 0.326056
65535 1024 67107840 0.010568 0.413015
